8268.570000;7118.397001
8678.090000;7118.397001
23133.920000;7118.397001
35048.490000;7118.397001
8378.990000;7118.397001
9600.000000;7118.397001
3560.430000;7118.397001
11253.160000;7118.397001
5435.480000;7118.397001
548.740000;7118.397001
89.680000;7118.397001
1868.010000;7118.397001
8630.330000;7118.397001
5258.810000;7118.397001
4408.690000;7118.397001
4267.400000;7118.397001
4447.810000;7118.397001
4389.120000;7118.397001
1915.450000;7118.397001
5136.710000;7118.397001
2414.590000;7118.397001
8406.800000;7118.397001
11976.720000;7118.397001
31142.940000;7118.397001
6889.470000;7118.397001
29505.510000;7118.397001
5338.790000;7118.397001
6540.870000;7118.397001
7335.400000;7118.397001
436.870000;7118.397001
5215.220000;7118.397001
9537.480000;7118.397001
539.660000;7118.397001
626.940000;7118.397001
3223.000000;7118.397001
4718.460000;7118.397001
26596.610000;7118.397001
8553.000000;7118.397001
3946.800000;7118.397001
9469.490000;7118.397001
5114.460000;7118.397001
5529.390000;7118.397001
141.880000;7118.397001
8027.000000;7118.397001
10430.050000;7118.397001
6957.820000;7118.397001
647.010000;7118.397001
9984.550000;7118.397001
21006.980000;7118.397001
9572.890000;7118.397001
300.000000;7118.397001
1595.720000;7118.397001
780.000000;7118.397001
6835.540000;7118.397001
4025.870000;7118.397001
1220.090000;7118.397001
3643.340000;7118.397001
13324.050000;7118.397001
10341.660000;7118.397001
21556.500000;7118.397001
5657.790000;7118.397001
12352.620000;7118.397001
16896.680000;7118.397001
6472.000000;7118.397001
5153.060000;7118.397001
5606.880000;7118.397001
9493.450000;7118.397001
11733.910000;7118.397001
6948.450000;7118.397001
3679.160000;7118.397001
20459.540000;7118.397001
7839.760000;7118.397001
7384.330000;7118.397001
4267.350000;7118.397001
28598.440000;7118.397001
3300.000000;7118.397001
9722.060000;7118.397001
3012.700000;7118.397001
10038.180000;7118.397001
6027.140000;7118.397001
9449.290000;7118.397001
10397.420000;7118.397001
3837.260000;7118.397001
3385.000000;7118.397001
5418.710000;7118.397001
6111.330000;7118.397001
5958.400000;7118.397001
2280.000000;7118.397001
584.530000;7118.397001
1100.000000;7118.397001
15250.320000;7118.397001
3200.000000;7118.397001
2942.000000;7118.397001
3796.860000;7118.397001
4571.930000;7118.397001
13221.160000;7118.397001
4740.160000;7118.397001
10049.950000;7118.397001
9754.360000;7118.397001
10410.110000;7118.397001
14221.140000;7118.397001
340.520000;7118.397001
11365.400000;7118.397001
2606.580000;7118.397001
3725.630000;7118.397001
3211.690000;7118.397001
5034.390000;7118.397001
4521.550000;7118.397001
10717.040000;7118.397001
11238.560000;7118.397001
8390.310000;7118.397001
7356.350000;7118.397001
2328.400000;7118.397001
5541.620000;7118.397001
2582.290000;7118.397001
4295.810000;7118.397001
37216.220000;7118.397001
6003.800000;7118.397001
5838.960000;7118.397001
16311.490000;7118.397001
4011.480000;7118.397001
9002.540000;7118.397001
10338.770000;7118.397001
25102.630000;7118.397001
4905.580000;7118.397001
39458.770000;7118.397001
4373.330000;7118.397001
8000.000000;7118.397001
9787.400000;7118.397001
4214.750000;7118.397001
1729.240000;7118.397001
3865.830000;7118.397001
7233.690000;7118.397001
5400.000000;7118.397001
3600.000000;7118.397001
2045.680000;7118.397001
3495.710000;7118.397001
2070.780000;7118.397001
3806.190000;7118.397001
5736.030000;7118.397001
5662.960000;7118.397001
55.030000;7118.397001
3537.040000;7118.397001
260.660000;7118.397001
7044.540000;7118.397001
1837.760000;7118.397001
3475.440000;7118.397001
3267.370000;7118.397001
3991.240000;7118.397001
874.650000;7118.397001
6267.320000;7118.397001
6824.920000;7118.397001
9877.150000;7118.397001
1886.920000;7118.397001
12810.380000;7118.397001
3027.770000;7118.397001
6931.390000;7118.397001
8700.000000;7118.397001
8696.050000;7118.397001
8484.410000;7118.397001
5149.990000;7118.397001
5734.070000;7118.397001
5999.620000;7118.397001
9830.000000;7118.397001
8121.250000;7118.397001
14207.780000;7118.397001
3830.290000;7118.397001
8398.890000;7118.397001
5420.150000;7118.397001
1347.540000;7118.397001
5049.340000;7118.397001
4824.250000;7118.397001
3522.970000;7118.397001
6780.900000;7118.397001
47.190000;7118.397001
15022.020000;7118.397001
9926.590000;67527.695000
6346.400000;67527.695000
6321.630000;7118.397001
8338.480000;881.735000
8643.510000;881.735000
3340.610000;7118.397001
6734.170000;7118.397001
500.000000;7118.397001
3938.630000;7118.397001
4098.630000;7118.397001
13912.570000;7118.397001
6220.750000;7118.397001
3702.240000;7118.397001
4750.730000;7118.397001
3234.990000;7118.397001
5826.320000;7118.397001
7205.430000;7118.397001
7618.450000;7118.397001
54.410000;7118.397001
7781.750000;7118.397001
10503.810000;7118.397001
10456.170000;7118.397001
1800.000000;7118.397001
2236.030000;7118.397001
5948.540000;7118.397001
1401.010000;7118.397001
1736.540000;7118.397001
6843.790000;7118.397001
25859.400000;7118.397001
1260.580000;7118.397001
2864.740000;7118.397001
4632.070000;7118.397001
8255.540000;7118.397001
4137.220000;7118.397001
7402.020000;7118.397001
3083.690000;7118.397001
9747.720000;7118.397001
2247.180000;7118.397001
1901.510000;7118.397001
4525.550000;7118.397001
3680.880000;7118.397001
5433.280000;7118.397001
4839.880000;7118.397001
3009.000000;7118.397001
8099.060000;7118.397001
10833.380000;7118.397001
5887.540000;7118.397001
1207.090000;7118.397001
11836.560000;7118.397001
11836.940000;7118.397001
8003.870000;7118.397001
14040.980000;7118.397001
6512.780000;7118.397001
6935.930000;7118.397001
6961.500000;7118.397001
9502.660000;7118.397001
4589.790000;7118.397001
3600.000000;7118.397001
3600.000000;7118.397001
57.770000;7118.397001
9259.740000;7118.397001
7760.310000;7118.397001
9873.050000;7118.397001
6209.400000;7118.397001
5706.160000;7118.397001
3662.200000;7118.397001
3794.020000;7118.397001
85409.440000;7118.397001
3277.400000;7118.397001
9957.280000;7118.397001
3720.000000;7118.397001
6182.670000;7118.397001
12039.330000;7118.397001
6789.280000;7118.397001
3473.090000;7118.397001
12359.060000;7118.397001
8144.630000;7118.397001
15310.990000;7118.397001
87.090000;7118.397001
3530.080000;7118.397001
6226.570000;7118.397001
4460.150000;7118.397001
8280.760000;7118.397001
6580.430000;7118.397001
6281.380000;7118.397001
2468.050000;7118.397001
3600.000000;7118.397001
5109.060000;7118.397001
23196.410000;7118.397001
13276.150000;7118.397001
8565.850000;7118.397001
4200.000000;7118.397001
6072.870000;7118.397001
4597.330000;7118.397001
3492.100000;7118.397001
6439.700000;7118.397001
181.100000;7118.397001
6949.610000;7118.397001
4033.750000;7118.397001
4521.480000;7118.397001
13901.760000;7118.397001
3074.660000;7118.397001
5561.860000;7118.397001
8305.800000;7118.397001
9507.320000;7118.397001
1278.610000;7118.397001
6218.450000;7118.397001
6065.410000;7118.397001
606.930000;7118.397001
4459.880000;7118.397001
3856.460000;7118.397001
2606.580000;7118.397001
5762.620000;7118.397001
11394.870000;7118.397001
7827.840000;7118.397001
15458.890000;7118.397001
8218.480000;7118.397001
1140.210000;7118.397001
12332.810000;7118.397001
3799.660000;7118.397001
10790.820000;7118.397001
65.160000;7118.397001
13863.200000;7118.397001
15768.920000;7118.397001
231.000000;7118.397001
768.450000;7118.397001
3505.850000;7118.397001
4783.230000;7118.397001
127.830000;7118.397001
439.530000;7118.397001
3532.870000;7118.397001
7588.920000;7118.397001
5025.070000;7118.397001
3302.130000;7118.397001
4878.260000;7118.397001
383.350000;7118.397001
2207.560000;7118.397001
2657.920000;7118.397001
2187.200000;7118.397001
375.860000;7118.397001
3339.720000;7118.397001
1681.060000;7118.397001
915.200000;7118.397001
2168.020000;7118.397001
5725.100000;7118.397001
19.270000;7118.397001
1899.170000;7118.397001
2308.690000;7118.397001
1962.490000;7118.397001
1950.600000;7118.397001
3333.150000;7118.397001
2969.860000;7118.397001
5603.780000;7118.397001
957.680000;7118.397001
5779.890000;7118.397001
52.490000;7118.397001
108.430000;7118.397001
3736.210000;7118.397001
2522.570000;7118.397001
573.620000;7118.397001
270.640000;7118.397001
20732.110000;7118.397001
5564.820000;7118.397001
2912.060000;7118.397001
12409.780000;7118.397001
7331.780000;7118.397001
7200.000000;7118.397001
4375.270000;7118.397001
3910.830000;7118.397001
3546.150000;7118.397001
2322.980000;7118.397001
7811.680000;7118.397001
10059.270000;7118.397001
13688.160000;7118.397001
6320.970000;7118.397001
4691.210000;7118.397001
2050.530000;7118.397001
1667.270000;7118.397001
3409.760000;7118.397001
265.670000;7118.397001
10846.270000;7118.397001
4442.620000;7118.397001
3533.910000;7118.397001
4692.680000;7118.397001
777.350000;7118.397001
13545.510000;7118.397001
1976.250000;7118.397001
7195.320000;7118.397001
8461.510000;7118.397001
1297.530000;7118.397001
5612.100000;7118.397001
9346.190000;7118.397001
16592.740000;7118.397001
6319.870000;7118.397001
1000.300000;7118.397001
4200.990000;7118.397001
1166.840000;7118.397001
8726.690000;7118.397001
4653.170000;7118.397001
4777.730000;7118.397001
3828.410000;7118.397001
25593.000000;7118.397001
341.110000;7118.397001
8770.910000;7118.397001
1593.820000;7118.397001
19512.810000;7118.397001
11570.590000;7118.397001
6347.720000;7118.397001
4254.780000;7118.397001
9440.510000;7118.397001
1936.180000;7118.397001
3757.760000;7118.397001
1267.630000;7118.397001
1477.840000;7118.397001
3925.430000;7118.397001
32074.100000;7118.397001
3041.010000;7118.397001
13142.250000;7118.397001
9201.070000;7118.397001
7596.720000;7118.397001
7734.940000;7118.397001
4596.120000;7118.397001
38292.090000;7118.397001
7837.070000;7118.397001
583.410000;7118.397001
12892.580000;7118.397001
8955.970000;7118.397001
812.260000;7118.397001
7421.040000;7118.397001
6948.900000;7118.397001
5360.140000;7118.397001
10859.950000;7118.397001
7117.640000;7118.397001
5255.430000;7118.397001
13354.090000;7118.397001
20309.520000;7118.397001
4471.800000;7118.397001
28.960000;7118.397001
5438.170000;7118.397001
6907.160000;7118.397001
632.300000;7118.397001
12850.150000;7118.397001
7662.400000;7118.397001
11742.740000;7118.397001
4423.540000;7118.397001
2879.350000;7118.397001
8897.300000;7118.397001
5199.040000;7118.397001
8237.870000;7118.397001
4326.490000;7118.397001
14588.550000;7118.397001
7812.610000;7118.397001
6369.090000;7118.397001
3560.520000;7118.397001
1587.580000;7118.397001
3600.000000;7118.397001
8181.910000;7118.397001
7585.260000;7118.397001
5361.490000;7118.397001
301.680000;7118.397001
4967.350000;7118.397001
9823.530000;7118.397001
8612.630000;7118.397001
2947.360000;7118.397001
4988.700000;7118.397001
14770.040000;7118.397001
7237.560000;7118.397001
880.270000;7118.397001
16824.030000;7118.397001
14801.320000;7118.397001
5157.370000;7118.397001
4309.300000;7118.397001
3721.470000;7118.397001
7262.090000;7118.397001
16789.950000;7118.397001
10921.910000;7118.397001
7142.600000;7118.397001
673.860000;7118.397001
3342.800000;7118.397001
10761.210000;7118.397001
631.420000;7118.397001
263.740000;7118.397001
5320.000000;7118.397001
7623.310000;7118.397001
1150.590000;7118.397001
3788.570000;7118.397001
2102.190000;7118.397001
640.810000;7118.397001
4250.560000;7118.397001
1890.000000;7118.397001
3600.000000;7118.397001
12749.760000;7118.397001
5438.600000;7118.397001
4388.040000;7118.397001
9792.460000;7118.397001
7684.440000;7118.397001
5166.310000;7118.397001
4902.040000;7118.397001
683.930000;7118.397001
3505.850000;7118.397001
17000.000000;7118.397001
3600.000000;7118.397001
5902.760000;7118.397001
12675.100000;7118.397001
4101.210000;7118.397001
7615.070000;7118.397001
12297.540000;7118.397001
3600.000000;7118.397001
6587.230000;7118.397001
3024.910000;7118.397001
3075.550000;7118.397001
900.000000;7118.397001
900.000000;7118.397001
3049.730000;7118.397001
3827.200000;7118.397001
13410.030000;7118.397001
1931.500000;7118.397001
4163.730000;7118.397001
7660.090000;7118.397001
3694.550000;7118.397001
5255.140000;7118.397001
4834.290000;7118.397001
24411.150000;7118.397001
32017.870000;7118.397001
1749.660000;7118.397001
3788.160000;7118.397001
7830.990000;7118.397001
13901.510000;7118.397001
9338.750000;7118.397001
7456.340000;7118.397001
3688.860000;7118.397001
10199.120000;7118.397001
3368.110000;7118.397001
484.810000;7118.397001
3600.000000;7118.397001
4290.390000;7118.397001
6435.650000;7118.397001
4014.130000;7118.397001
6997.750000;7118.397001
8145.100000;7118.397001
5233.590000;7118.397001
7620.340000;7118.397001
9050.820000;7118.397001
3787.060000;7118.397001
2461.640000;7118.397001
4498.700000;7118.397001
9064.320000;7118.397001
7318.630000;7118.397001
281.130000;7118.397001
14056.910000;7118.397001
7951.800000;7118.397001
348.300000;7118.397001
50.000000;7118.397001
11441.440000;7118.397001
5870.240000;7118.397001
4431.190000;7118.397001
1390.180000;7118.397001
4626.680000;7118.397001
880.790000;7118.397001
850.000000;7118.397001
6636.160000;7118.397001
9688.920000;7118.397001
21992.160000;7118.397001
699.520000;7118.397001
12146.660000;7118.397001
1230.890000;7118.397001
4800.000000;7118.397001
6189.450000;7118.397001
2494.340000;7118.397001
11981.210000;7118.397001
3529.070000;7118.397001
8936.470000;7118.397001
8327.930000;7118.397001
5510.220000;7118.397001
4616.390000;7118.397001
10527.060000;7118.397001
5529.350000;7118.397001
13288.310000;7118.397001
12704.910000;7118.397001
8953.330000;7118.397001
440.220000;7118.397001
5715.200000;7118.397001
8045.040000;7118.397001
52.130000;7118.397001
13713.860000;7118.397001
15256.540000;7118.397001
5279.760000;7118.397001
4793.840000;7118.397001
4478.700000;7118.397001
11213.650000;7118.397001
7685.590000;7118.397001
1523.290000;7118.397001
7016.700000;7118.397001
1200.000000;7118.397001
18000.000000;7118.397001
13157.900000;7118.397001
13157.900000;7118.397001
2812.050000;7118.397001
11120.760000;7118.397001
1589.790000;7118.397001
407.020000;7118.397001
13375.250000;7118.397001
3500.000000;7118.397001
22313.420000;7118.397001
8958.700000;7118.397001
7523.080000;7118.397001
44201.470000;7118.397001
5368.300000;7118.397001
16437.730000;7118.397001
18693.900000;7118.397001
1650.830000;7118.397001
4552.950000;7118.397001
24968.740000;7118.397001
14705.640000;7118.397001
7384.930000;7118.397001
1046.680000;7118.397001
4461.850000;7118.397001
1687.750000;7118.397001
3890.300000;7118.397001
6410.640000;7118.397001
6925.620000;7118.397001
3698.580000;7118.397001
1680.000000;7118.397001
19027.170000;7118.397001
9472.520000;7118.397001
3092.540000;7118.397001
3268.320000;7118.397001
9779.470000;7118.397001
6222.080000;7118.397001
12644.510000;7118.397001
4775.410000;7118.397001
15804.770000;7118.397001
11642.210000;7118.397001
5227.030000;7118.397001
9708.880000;7118.397001
3491.200000;7118.397001
1387.160000;7118.397001
18799.640000;7118.397001
2191.330000;7118.397001
10979.080000;7118.397001
2056.310000;7118.397001
12164.040000;7118.397001
3956.740000;7118.397001
5979.880000;7118.397001
9152.190000;7118.397001
2702.510000;7118.397001
8641.950000;7118.397001
5256.890000;7118.397001
986.220000;7118.397001
17257.080000;7118.397001
9774.860000;7118.397001
9363.110000;7118.397001
4205.320000;7118.397001
5195.160000;7118.397001
6089.500000;7118.397001
5897.790000;7118.397001
6453.550000;7118.397001
6843.080000;7118.397001
2128.490000;7118.397001
6834.080000;7118.397001
7248.150000;7118.397001
4551.040000;7118.397001
3649.210000;7118.397001
6966.250000;7118.397001
27795.200000;7118.397001
22469.660000;7118.397001
1990.210000;7118.397001
9719.020000;7118.397001
4446.990000;7118.397001
3559.570000;7118.397001
765.320000;7118.397001
3600.000000;7118.397001
4086.680000;7118.397001
17059.290000;7118.397001
4725.810000;7118.397001
8204.910000;7118.397001
15561.560000;7118.397001
15539.740000;7118.397001
8487.310000;7118.397001
27805.000000;7118.397001
6371.640000;7118.397001
14120.130000;7118.397001
18289.940000;7118.397001
4432.790000;7118.397001
74.940000;7118.397001
11404.730000;7118.397001
23613.090000;7118.397001
5567.020000;7118.397001
11934.520000;7118.397001
1857.930000;7118.397001
5587.180000;7118.397001
10877.740000;7118.397001
20093.560000;7118.397001
2528.450000;7118.397001
2044.190000;7118.397001
16155.940000;7118.397001
9164.140000;7118.397001
2930.340000;7118.397001
3976.850000;7118.397001
27455.980000;7118.397001
4550.000000;7118.397001
14951.320000;7118.397001
10222.200000;7118.397001
12297.670000;7118.397001
9615.220000;7118.397001
1749.430000;7118.397001
3980.060000;7118.397001
9262.760000;7118.397001
2092.720000;7118.397001
5816.350000;7118.397001
1474.210000;7118.397001
7302.920000;7118.397001
11145.060000;7118.397001
11191.430000;7118.397001
1158.480000;7118.397001
1595.240000;7118.397001
6904.400000;7118.397001
4225.560000;7118.397001
12861.250000;7118.397001
29708.940000;7118.397001
3761.010000;7118.397001
11737.660000;7118.397001
9031.180000;7118.397001
10450.510000;7118.397001
6850.050000;7118.397001
190.540000;7118.397001
11057.930000;7118.397001
13262.890000;7118.397001
2964.210000;7118.397001
22265.750000;7118.397001
1516.490000;7118.397001
352.610000;7118.397001
753.010000;7118.397001
331.040000;7118.397001
10725.080000;7118.397001
9197.110000;7118.397001
4251.870000;7118.397001
10610.410000;7118.397001
7868.070000;7118.397001
6331.650000;7118.397001
14473.690000;7118.397001
1750.610000;7118.397001
8007.380000;7118.397001
2869.510000;7118.397001
10475.320000;7118.397001
3785.390000;7118.397001
18655.730000;7118.397001
8591.660000;7118.397001
747.270000;7118.397001
15840.500000;7118.397001
3493.900000;7118.397001
8369.320000;7118.397001
8735.100000;7118.397001
1030.740000;7118.397001
3844.770000;7118.397001
11923.610000;7118.397001
2171.830000;7118.397001
7890.650000;7118.397001
8029.140000;7118.397001
13721.050000;7118.397001
2122.490000;7118.397001
11287.910000;7118.397001
2306.260000;7118.397001
127.430000;7118.397001
12574.250000;7118.397001
24399.410000;7118.397001
35284.330000;7118.397001
363.370000;7118.397001
10072.940000;7118.397001
20161.850000;7118.397001
18004.800000;7118.397001
2594.340000;7118.397001
31932.420000;7118.397001
6889.470000;7118.397001
12842.130000;7118.397001
3712.150000;7118.397001
5038.590000;7118.397001
17793.250000;7118.397001
5041.480000;7118.397001
6230.130000;7118.397001
4921.990000;7118.397001
10062.810000;7118.397001
257.630000;7118.397001
7858.150000;7118.397001
6183.490000;7118.397001
4504.300000;7118.397001
8547.750000;7118.397001
3675.000000;7118.397001
15219.900000;7118.397001
2375.500000;7118.397001
848.050000;7118.397001
208.960000;7118.397001
5905.000000;7118.397001
4627.780000;7118.397001
7996.810000;7118.397001
4747.250000;7118.397001
10247.780000;7118.397001
26782.900000;7118.397001
1783.020000;7118.397001
16151.920000;7118.397001
6722.110000;7118.397001
938.090000;7118.397001
1673.330000;7118.397001
359.180000;7118.397001
7764.020000;7118.397001
5010.850000;7118.397001
5070.000000;7118.397001
14549.570000;7118.397001
5412.390000;7118.397001
12838.170000;7118.397001
5039.770000;7118.397001
9715.030000;7118.397001
401.340000;7118.397001
13218.520000;7118.397001
4549.000000;7118.397001
1350.000000;7118.397001
7534.370000;7118.397001
5741.220000;7118.397001
3210.370000;7118.397001
29068.350000;7118.397001
11179.710000;7118.397001
7350.480000;7118.397001
11884.190000;7118.397001
9987.480000;7118.397001
35731.740000;7118.397001
11125.380000;7118.397001
17627.950000;7118.397001
28301.730000;7118.397001
706.580000;7118.397001
11061.190000;7118.397001
7902.290000;7118.397001
2623.660000;7118.397001
4525.450000;7118.397001
10129.570000;7118.397001
2310.310000;7118.397001
1031.480000;7118.397001
6310.570000;7118.397001
5343.460000;7118.397001
6156.040000;7118.397001
8000.000000;7118.397001
3277.630000;7118.397001
7014.190000;7118.397001
8569.210000;7118.397001
9544.600000;7118.397001
5510.400000;7118.397001
7659.350000;7118.397001
4443.390000;7118.397001
4576.650000;7118.397001
7150.540000;7118.397001
86.890000;7118.397001
8342.770000;7118.397001
5708.930000;7118.397001
10913.100000;7118.397001
7725.590000;7118.397001
2136.570000;7118.397001
685.320000;7118.397001
5802.000000;7118.397001
5293.620000;7118.397001
12310.980000;7118.397001
19879.350000;7118.397001
4924.140000;7118.397001
5364.840000;7118.397001
3311.260000;7118.397001
1683.850000;7118.397001
6003.200000;7118.397001
15952.680000;7118.397001
6878.740000;7118.397001
17770.820000;7118.397001
3047.890000;7118.397001
8034.130000;7118.397001
812.120000;7118.397001
39349.040000;7118.397001
11787.870000;7118.397001
8868.610000;7118.397001
7624.270000;7118.397001
3295.900000;7118.397001
4887.820000;7118.397001
7103.880000;7118.397001
6209.940000;7118.397001
13057.630000;7118.397001
6160.520000;7118.397001
3987.850000;7118.397001
6805.260000;7118.397001
634.370000;7118.397001
3495.500000;7118.397001
9007.760000;7118.397001
21056.470000;7118.397001
5281.000000;7118.397001
82.900000;7118.397001
7597.500000;7118.397001
2887.760000;7118.397001
12236.520000;7118.397001
11724.780000;7118.397001
9767.950000;7118.397001
8820.490000;7118.397001
269.210000;7118.397001
1241.280000;7118.397001
12634.200000;7118.397001
5028.480000;7118.397001
10739.040000;7118.397001
5731.520000;7118.397001
10031.300000;7118.397001
6325.190000;7118.397001
28565.890000;7118.397001
1009.550000;7118.397001
4900.000000;7118.397001
3311.240000;7118.397001
12957.800000;7118.397001
9840.930000;7118.397001
310.600000;7118.397001
8675.900000;7118.397001
1329.400000;7118.397001
451.810000;7118.397001
17759.290000;7118.397001
4540.750000;7118.397001
748.380000;7118.397001
673.080000;7118.397001
618.020000;7118.397001
4691.840000;7118.397001
8805.400000;7118.397001
1498.260000;7118.397001
2371.610000;7118.397001
4073.530000;7118.397001
4052.380000;7118.397001
2489.560000;7118.397001
7655.910000;7118.397001
7759.560000;7118.397001
9930.440000;7118.397001
79.740000;7118.397001
19425.180000;7118.397001
11950.920000;7118.397001
7561.140000;7118.397001
3710.000000;7118.397001
19722.430000;7118.397001
4232.330000;7118.397001
4594.500000;7118.397001
17381.480000;7118.397001
12096.300000;7118.397001
5653.230000;7118.397001
12239.780000;7118.397001
6258.450000;7118.397001
5815.740000;7118.397001
14512.410000;7118.397001
1919.580000;7118.397001
1752.930000;7118.397001
742.010000;7118.397001
53653.900000;7118.397001
14981.910000;7118.397001
4560.410000;7118.397001
9659.910000;7118.397001
1111.190000;7118.397001
1296.340000;7118.397001
13812.000000;7118.397001
4428.540000;7118.397001
8369.910000;7118.397001
434.430000;7118.397001
708.230000;7118.397001
13902.500000;7118.397001
4145.200000;7118.397001
3519.300000;7118.397001
9124.540000;7118.397001
4323.370000;7118.397001
4126.780000;7118.397001
4685.690000;7118.397001
5098.920000;7118.397001
6223.130000;7118.397001
4540.110000;7118.397001
15742.350000;7118.397001
26618.020000;7118.397001
2751.590000;7118.397001
4199.910000;7118.397001
8151.080000;7118.397001
24619.420000;7118.397001
682.510000;7118.397001
4748.490000;7118.397001
3170.550000;7118.397001
21464.480000;7118.397001
10104.260000;7118.397001
14437.600000;7118.397001
930.990000;7118.397001
6829.880000;7118.397001
9404.300000;7118.397001
4180.310000;7118.397001
11234.270000;7118.397001
1546.970000;7118.397001
7850.580000;7118.397001
11410.720000;7118.397001
7385.560000;7118.397001
6340.650000;7118.397001
4058.650000;7118.397001
15224.460000;7118.397001
7007.210000;7118.397001
6182.060000;7118.397001
9301.630000;7118.397001
1925.780000;7118.397001
8933.540000;7118.397001
6280.550000;7118.397001
4391.020000;7118.397001
105.570000;7118.397001
14644.680000;7118.397001
17326.080000;7118.397001
10189.710000;7118.397001
12086.080000;7118.397001
3673.140000;7118.397001
1530.880000;7118.397001
7847.230000;7118.397001
2973.220000;7118.397001
4984.200000;7118.397001
11339.730000;7118.397001
10877.300000;7118.397001
4120.320000;7118.397001
1611.130000;7118.397001
7252.230000;7118.397001
102.780000;7118.397001
4760.230000;7118.397001
2577.250000;7118.397001
7809.410000;7118.397001
2204.820000;7118.397001
4542.600000;7118.397001
11787.970000;7118.397001
9082.560000;7118.397001
6033.140000;7118.397001
3893.970000;7118.397001
1497.700000;7118.397001
4404.450000;7118.397001
9668.450000;7118.397001
8141.060000;7118.397001
9314.250000;7118.397001
3804.100000;7118.397001
512.760000;7118.397001
121.440000;7118.397001
11043.330000;7118.397001
11312.260000;7118.397001
5998.650000;7118.397001
1160.000000;7118.397001
5085.420000;7118.397001
7446.630000;7118.397001
3465.080000;7118.397001
100.740000;7118.397001
359.850000;7118.397001
13937.190000;7118.397001
14634.200000;7118.397001
3902.800000;7118.397001
3273.850000;7118.397001
9382.000000;7118.397001
6305.330000;7118.397001
628.940000;7118.397001
15766.350000;7118.397001
10326.830000;7118.397001
4828.770000;7118.397001
4638.450000;7118.397001
7543.560000;7118.397001
3498.660000;7118.397001
3937.440000;7118.397001
8741.560000;7118.397001
8868.160000;7118.397001
421.030000;7118.397001
7563.290000;7118.397001
695.000000;7118.397001
14551.660000;7118.397001
8540.300000;7118.397001
13329.910000;7118.397001
2396.290000;7118.397001
9185.630000;7118.397001
2780.350000;7118.397001
7298.570000;7118.397001
5299.450000;7118.397001
5202.390000;7118.397001
9072.290000;7118.397001
4360.760000;7118.397001
11891.080000;7118.397001
3852.500000;7118.397001
2386.010000;7118.397001
3662.050000;7118.397001
3702.860000;7118.397001
3600.000000;7118.397001
5196.130000;7118.397001
3781.260000;7118.397001
9728.730000;7118.397001
296.070000;7118.397001
6723.030000;7118.397001
248.720000;7118.397001
6162.750000;7118.397001
1191.650000;7118.397001
10015.060000;7118.397001
8227.650000;7118.397001
2006.920000;7118.397001
7513.300000;7118.397001
5601.540000;7118.397001
14813.940000;7118.397001
3600.000000;7118.397001
6199.040000;7118.397001
9944.740000;7118.397001
3600.000000;7118.397001
7545.640000;7118.397001
10360.000000;7118.397001
5747.910000;7118.397001
4297.650000;7118.397001
1948.890000;7118.397001
7718.280000;7118.397001
895.640000;7118.397001
16922.950000;7118.397001
3483.560000;7118.397001
3963.680000;7118.397001
970.000000;7118.397001
4898.400000;7118.397001
7269.320000;7118.397001
21098.760000;7118.397001
5420.590000;7118.397001
8118.480000;7118.397001
4111.740000;7118.397001
9634.080000;7118.397001
2306.000000;7118.397001
6924.090000;7118.397001
3600.000000;7118.397001
3505.850000;7118.397001
876.460000;7118.397001
3713.220000;7118.397001
5948.180000;7118.397001
4593.200000;7118.397001
4224.710000;7118.397001
4842.790000;7118.397001
2944.830000;7118.397001
9968.010000;7118.397001
2500.000000;7118.397001
1083.180000;7118.397001
5533.020000;7118.397001
24611.000000;7118.397001
3420.000000;7118.397001
292.300000;7118.397001
5592.860000;7118.397001
19676.960000;7118.397001
7703.890000;7118.397001
3996.700000;7118.397001
5287.530000;7118.397001
4531.850000;7118.397001
21403.610000;7118.397001
2707.590000;7118.397001
4031.820000;7118.397001
7692.820000;7118.397001
5855.470000;7118.397001
193.450000;7118.397001
9643.410000;7118.397001
5189.370000;7118.397001
13443.540000;7118.397001
1103.750000;7118.397001
1409.670000;7118.397001
3875.470000;7118.397001
5466.080000;7118.397001
4559.380000;7118.397001
10004.170000;7118.397001
9966.500000;7118.397001
3201.780000;7118.397001
190.590000;7118.397001
11533.550000;7118.397001
2587.330000;7118.397001
13553.700000;7118.397001
2570.020000;7118.397001
15974.270000;7118.397001
5085.530000;7118.397001
4108.930000;7118.397001
4057.390000;7118.397001
8278.970000;7118.397001
12941.040000;7118.397001
3306.000000;7118.397001
16975.500000;7118.397001
24870.730000;7118.397001
4601.820000;7118.397001
7658.100000;7118.397001
4998.170000;7118.397001
29485.290000;7118.397001
3487.760000;7118.397001
6691.500000;7118.397001
11016.240000;7118.397001
4062.650000;7118.397001
9088.430000;7118.397001
10798.190000;7118.397001
1452.730000;7118.397001
3200.000000;7118.397001
12125.720000;7118.397001
365.760000;7118.397001
1147.090000;7118.397001
10240.320000;7118.397001
8208.010000;7118.397001
2340.700000;7118.397001
3150.020000;7118.397001
14910.400000;7118.397001
4574.140000;7118.397001
11568.120000;7118.397001
12808.800000;7118.397001
3430.790000;7118.397001
5206.360000;7118.397001
397.850000;7118.397001
605.210000;7118.397001
3824.870000;7118.397001
9129.690000;7118.397001
831.380000;7118.397001
1411.760000;7118.397001
7382.600000;7118.397001
3600.000000;7118.397001
15851.720000;7118.397001
22547.060000;7118.397001
9106.390000;7118.397001
9301.790000;7118.397001
3645.390000;7118.397001
17989.850000;7118.397001
4127.980000;7118.397001
7239.930000;7118.397001
10029.850000;7118.397001
7446.580000;7118.397001
6230.220000;7118.397001
8218.840000;7118.397001
1752.870000;7118.397001
6907.750000;7118.397001
216.810000;7118.397001
4914.540000;7118.397001
2630.930000;7118.397001
150.000000;7118.397001
322.910000;7118.397001
1088.000000;7118.397001
7489.780000;7118.397001
489.370000;7118.397001
3560.030000;7118.397001
800.000000;7118.397001
29439.810000;7118.397001
7407.650000;7118.397001
8649.140000;7118.397001
958.320000;7118.397001
6102.060000;7118.397001
7474.620000;7118.397001
1373.240000;7118.397001
3327.780000;7118.397001
14400.000000;7118.397001
3244.030000;7118.397001
12172.520000;7118.397001
5410.760000;7118.397001
4195.940000;7118.397001
4770.590000;7118.397001
4151.840000;7118.397001
9296.550000;7118.397001
6849.920000;7118.397001
3554.510000;7118.397001
3637.880000;7118.397001
4491.450000;7118.397001
4814.340000;7118.397001
3830.180000;7118.397001
289.620000;7118.397001
11984.590000;7118.397001
14402.920000;7118.397001
6612.090000;7118.397001
2056.940000;7118.397001
7784.110000;7118.397001
5661.730000;7118.397001
8400.000000;7118.397001
4759.640000;7118.397001
3124.740000;7118.397001
11877.260000;7118.397001
4019.630000;7118.397001
274.100000;7118.397001
10417.570000;7118.397001
8815.230000;7118.397001
599.460000;7118.397001
1968.730000;7118.397001
5066.330000;7118.397001
3454.800000;7118.397001
4306.250000;7118.397001
9644.560000;7118.397001
9943.760000;7118.397001
7308.720000;7118.397001
5649.660000;7118.397001
7456.830000;7118.397001
4860.170000;7118.397001
933.900000;7118.397001
6397.710000;7118.397001
4025.590000;7118.397001
5208.000000;7118.397001
5616.040000;7118.397001
4392.940000;7118.397001
5107.310000;7118.397001
10503.870000;7118.397001
10217.090000;7118.397001
3436.290000;7118.397001
10605.900000;7118.397001
3791.490000;7118.397001
10156.190000;7118.397001
3890.880000;7118.397001
400.920000;7118.397001
4340.790000;7118.397001
8308.950000;7118.397001
5040.000000;7118.397001
4254.980000;7118.397001
5965.050000;7118.397001
4239.050000;7118.397001
4259.650000;7118.397001
1275.390000;7118.397001
7757.180000;7118.397001
4191.250000;7118.397001
7348.260000;7118.397001
5116.830000;7118.397001
6589.620000;7118.397001
2327.800000;7118.397001
3996.140000;7118.397001
3008.340000;7118.397001
7305.420000;7118.397001
4860.000000;7118.397001
6165.850000;7118.397001
7493.080000;7118.397001
2163.100000;7118.397001
5988.890000;7118.397001
2818.000000;7118.397001
1828.020000;7118.397001
10612.300000;7118.397001
10024.260000;7118.397001
6.530000;7118.397001
5346.370000;7118.397001
489.120000;7118.397001
4303.190000;7118.397001
4573.100000;7118.397001
4301.960000;7118.397001
6826.480000;7118.397001
1277.610000;7118.397001
4158.360000;7118.397001
6020.290000;7118.397001
7185.860000;7118.397001
5346.240000;7118.397001
7770.280000;7118.397001
9967.750000;7118.397001
1193.520000;7118.397001
10739.980000;7118.397001
9977.340000;7118.397001
7253.380000;7118.397001
9662.980000;7118.397001
6386.860000;7118.397001
4106.670000;7118.397001
4337.920000;7118.397001
8262.280000;7118.397001
3514.080000;7118.397001
4725.810000;7118.397001
607.550000;7118.397001
10999.610000;7118.397001
4245.660000;7118.397001
3548.530000;7118.397001
2432.590000;7118.397001
332.010000;7118.397001
317.870000;7118.397001
6040.630000;7118.397001
3500.920000;7118.397001
2550.510000;7118.397001
23012.630000;7118.397001
3600.000000;7118.397001
1563.200000;7118.397001
1764.470000;7118.397001
3387.570000;7118.397001
12731.420000;7118.397001
14494.580000;7118.397001
12743.280000;7118.397001
4289.020000;7118.397001
3491.000000;7118.397001
6389.290000;7118.397001
6763.120000;7118.397001
13959.680000;7118.397001
4838.700000;7118.397001
5937.500000;7118.397001
5121.010000;7118.397001
9386.000000;7118.397001
3566.730000;7118.397001
1482.850000;7118.397001
971.550000;7118.397001
10554.190000;7118.397001
3342.240000;7118.397001
2550.510000;7118.397001
15197.710000;7118.397001
10086.960000;7118.397001
354.650000;7118.397001
13871.560000;7118.397001
6000.000000;7118.397001
6272.140000;7118.397001
4075.850000;7118.397001
10329.550000;7118.397001
5315.630000;7118.397001
8533.170000;7118.397001
6501.900000;7118.397001
6547.040000;7118.397001
4452.300000;7118.397001
7064.350000;7118.397001
43013.480000;7118.397001
5946.060000;7118.397001
8760.440000;7118.397001
6667.310000;7118.397001
10821.020000;7118.397001
10908.050000;7118.397001
13492.970000;7118.397001
14435.830000;7118.397001
15769.420000;7118.397001
6488.920000;7118.397001
9709.900000;7118.397001
1247.500000;7118.397001
44355.020000;7118.397001
2676.090000;7118.397001
10664.800000;7118.397001
5802.530000;7118.397001
13135.550000;7118.397001
5107.160000;7118.397001
4584.470000;7118.397001
7134.830000;7118.397001
10140.860000;7118.397001
5207.140000;7118.397001
762.360000;7118.397001
392.200000;7118.397001
4385.480000;7118.397001
3456.890000;7118.397001
3727.000000;7118.397001
7782.640000;7118.397001
6336.020000;7118.397001
2782.850000;7118.397001
7419.010000;7118.397001
5292.970000;7118.397001
1096.570000;7118.397001
3503.170000;7118.397001
8464.640000;7118.397001
24301.870000;7118.397001
2416.110000;7118.397001
4977.240000;7118.397001
20583.800000;7118.397001
13796.030000;7118.397001
5065.400000;7118.397001
1641.380000;7118.397001
68.780000;7118.397001
674.540000;7118.397001
644.180000;7118.397001
2458.050000;7118.397001
27345.620000;7118.397001
3600.000000;7118.397001
3105.490000;7118.397001
1988.730000;7118.397001
10248.620000;7118.397001
16992.000000;7118.397001
808.170000;7118.397001
3704.310000;7118.397001
580.000000;7118.397001
3785.370000;7118.397001
6449.000000;7118.397001
3734.040000;7118.397001
459.240000;7118.397001
926.730000;7118.397001
4403.990000;7118.397001
37795.370000;7118.397001
9184.250000;7118.397001
1957.820000;7118.397001
33425.770000;7118.397001
5545.000000;7118.397001
7691.490000;7118.397001
2161.230000;7118.397001
3100.630000;7118.397001
3862.390000;7118.397001
1752.930000;7118.397001
5922.780000;7118.397001
3191.210000;7118.397001
4480.100000;7118.397001
2078.110000;7118.397001
1858.960000;7118.397001
6426.670000;7118.397001
1194.810000;7118.397001
1228.800000;7118.397001
6723.030000;7118.397001
11551.310000;7118.397001
9412.150000;7118.397001
4673.670000;7118.397001
6406.970000;7118.397001
6544.360000;7118.397001
1202.680000;7118.397001
2937.830000;7118.397001
3861.180000;7118.397001
4713.530000;7118.397001
3999.890000;7118.397001
3915.150000;7118.397001
8159.590000;7118.397001
2933.240000;7118.397001
7782.430000;7118.397001
9638.990000;7118.397001
3832.060000;7118.397001
623.190000;7118.397001
8689.720000;7118.397001
9955.980000;7118.397001
70.460000;7118.397001
1227.430000;7118.397001
5577.870000;7118.397001
4054.680000;7118.397001
3431.520000;7118.397001
5535.420000;7118.397001
5238.090000;7118.397001
10007.740000;7118.397001
3224.300000;7118.397001
34037.930000;7118.397001
5581.410000;7118.397001
345.000000;7118.397001
4246.700000;7118.397001
82370.880000;7118.397001
13309.390000;7118.397001
4486.530000;7118.397001
3701.240000;7118.397001
7346.670000;7118.397001
2814.850000;7118.397001
7101.690000;7118.397001
5655.180000;7118.397001
11207.470000;7118.397001
5741.180000;7118.397001
87437.300000;7118.397001
2855.650000;7118.397001
907.060000;7118.397001
6960.000000;7118.397001
3959.860000;7118.397001
3887.820000;7118.397001
4851.520000;7118.397001
6641.880000;7118.397001
830.270000;7118.397001
3016.710000;7118.397001
5970.520000;7118.397001
12154.870000;7118.397001
15591.290000;7118.397001
11969.340000;7118.397001
2340.420000;7118.397001
7800.000000;7118.397001
3972.500000;7118.397001
2320.000000;7118.397001
3710.920000;7118.397001
8715.380000;7118.397001
5838.990000;7118.397001
3795.470000;7118.397001
2474.090000;7118.397001
3945.280000;7118.397001
4855.410000;7118.397001
3176.600000;7118.397001
6393.820000;7118.397001
5777.890000;7118.397001
2760.000000;7118.397001
300.000000;7118.397001
3803.430000;7118.397001
7828.120000;7118.397001
6075.830000;7118.397001
4040.510000;7118.397001
7136.850000;7118.397001
2359.320000;7118.397001
1939.960000;7118.397001
5475.140000;7118.397001
10708.770000;7118.397001
8634.570000;7118.397001
6071.590000;7118.397001
1176.630000;7118.397001
9232.920000;7118.397001
3627.450000;7118.397001
4694.730000;7118.397001
3120.000000;7118.397001
16386.800000;7118.397001
9541.560000;7118.397001
3593.810000;7118.397001
4476.480000;7118.397001
6147.250000;7118.397001
16309.860000;7118.397001
15926.570000;7118.397001
1700.000000;7118.397001
4778.650000;7118.397001
1607.940000;7118.397001
10788.830000;7118.397001
10365.810000;7118.397001
9153.290000;7118.397001
12451.510000;7118.397001
10739.030000;7118.397001
3164.530000;7118.397001
16442.080000;7118.397001
15848.960000;7118.397001
4800.000000;7118.397001
6255.790000;7118.397001
3658.350000;7118.397001
11338.590000;7118.397001
1365.490000;7118.397001
6251.070000;7118.397001
3311.060000;7118.397001
6512.970000;7118.397001
4308.690000;7118.397001
2843.040000;7118.397001
3857.850000;7118.397001
5425.610000;7118.397001
8196.250000;7118.397001
4512.000000;7118.397001
7473.630000;7118.397001
8253.190000;7118.397001
557.700000;7118.397001
144.810000;7118.397001
5969.480000;7118.397001
5075.940000;7118.397001
2207.680000;7118.397001
16765.530000;7118.397001
8057.750000;7118.397001
269.350000;7118.397001
10383.670000;7118.397001
3057.250000;7118.397001
19404.610000;7118.397001
578.000000;7118.397001
1002.220000;7118.397001
10945.090000;7118.397001
4298.080000;7118.397001
6825.840000;7118.397001
1779.050000;7118.397001
780.000000;7118.397001
6159.740000;7118.397001
706.900000;7118.397001
1609.820000;7118.397001
1281.610000;7118.397001
948.470000;7118.397001
28067.190000;7118.397001
3449.640000;7118.397001
3401.700000;7118.397001
2302.030000;7118.397001
8072.660000;7118.397001
8812.940000;7118.397001
75311.330000;7118.397001
4145.480000;7118.397001
544.450000;7118.397001
2081.250000;7118.397001
1500.000000;7118.397001
449.850000;7118.397001
3543.910000;7118.397001
603.710000;7118.397001
4258.360000;7118.397001
6828.620000;7118.397001
8797.180000;7118.397001
10445.970000;7118.397001
5520.900000;7118.397001
4200.000000;7118.397001
554.620000;7118.397001
593.460000;7118.397001
2852.010000;7118.397001
7738.000000;7118.397001
1344.090000;7118.397001
4146.200000;7118.397001
3025.370000;7118.397001
2197.020000;7118.397001
1781.160000;7118.397001
1270.270000;7118.397001
3325.430000;7118.397001
3433.970000;7118.397001
3758.430000;7118.397001
1473.600000;7118.397001
3110.190000;7118.397001
22393.500000;7118.397001
8826.380000;7118.397001
3240.000000;7118.397001
3578.800000;7118.397001
7648.830000;7118.397001
159.190000;7118.397001
17421.720000;7118.397001
9457.330000;7118.397001
3600.000000;7118.397001
1941.690000;7118.397001
4358.030000;7118.397001
6308.900000;7118.397001
18906.180000;7118.397001
6864.850000;7118.397001
10456.040000;7118.397001
11351.090000;7118.397001
4800.000000;7118.397001
933.740000;7118.397001
8017.650000;7118.397001
10124.700000;7118.397001
11844.270000;7118.397001
26593.930000;7118.397001
2347.670000;7118.397001
1280.680000;7118.397001
2182.250000;7118.397001
1045.670000;7118.397001
5278.230000;7118.397001
5357.440000;7118.397001
16716.790000;7118.397001
4944.420000;7118.397001
4448.740000;7118.397001
11824.090000;7118.397001
6000.000000;7118.397001
3790.480000;7118.397001
5897.940000;7118.397001
10947.120000;7118.397001
10775.740000;7118.397001
4172.250000;7118.397001
4056.130000;7118.397001
170.000000;7118.397001
8192.680000;7118.397001
5782.590000;7118.397001
199.530000;7118.397001
13410.050000;7118.397001
31110.670000;7118.397001
4203.940000;7118.397001
6940.420000;7118.397001
17562.130000;7118.397001
1950.880000;7118.397001
3928.430000;7118.397001
5625.640000;7118.397001
5597.910000;7118.397001
83.870000;7118.397001
1386.920000;7118.397001
10700.590000;7118.397001
9102.000000;7118.397001
5908.250000;7118.397001
11734.270000;7118.397001
1613.460000;7118.397001
16962.020000;7118.397001
8272.220000;7118.397001
1477.590000;7118.397001
4289.200000;7118.397001
14368.850000;7118.397001
2066.460000;7118.397001
4386.070000;7118.397001
7322.470000;7118.397001
10400.420000;7118.397001
698.000000;7118.397001
13948.300000;7118.397001
4698.610000;7118.397001
9251.900000;7118.397001
3493.930000;7118.397001
5754.150000;7118.397001
9434.770000;7118.397001
7810.870000;7118.397001
5186.620000;7118.397001
434.430000;7118.397001
4228.450000;7118.397001
3562.470000;7118.397001
1500.000000;7118.397001
7608.930000;7118.397001
15326.390000;7118.397001
2307.850000;7118.397001
7595.860000;7118.397001
1530.270000;7118.397001
1898.550000;7118.397001
1525.350000;7118.397001
1438.240000;7118.397001
9120.000000;7118.397001
3505.850000;7118.397001
17373.380000;7118.397001
15798.770000;7118.397001
21788.110000;7118.397001
4200.000000;7118.397001
10426.320000;7118.397001
8398.980000;7118.397001
3509.220000;7118.397001
51718.290000;7118.397001
4592.130000;7118.397001
2387.400000;7118.397001
4004.430000;7118.397001
5858.400000;7118.397001
841.350000;7118.397001
4303.270000;7118.397001
1630.980000;7118.397001
959.490000;7118.397001
1080.950000;7118.397001
4988.420000;7118.397001
8921.350000;7118.397001
6465.270000;7118.397001
16119.950000;7118.397001
6728.600000;7118.397001
2416.640000;7118.397001
450.000000;7118.397001
1000.000000;7118.397001
24212.780000;7118.397001
13759.380000;7118.397001
18334.470000;7118.397001
4213.580000;7118.397001
1825.750000;7118.397001
10622.850000;7118.397001
12021.590000;7118.397001
478.110000;7118.397001
1993.760000;7118.397001
9640.290000;7118.397001
876.680000;7118.397001
258.070000;7118.397001
448.230000;7118.397001
1303.540000;7118.397001
25498.860000;7118.397001
14552.520000;7118.397001
7635.460000;7118.397001
4581.850000;7118.397001
148.000000;7118.397001
1470.120000;7118.397001
2030.000000;7118.397001
14266.220000;7118.397001
2877.270000;7118.397001
4785.400000;7118.397001
384.000000;7118.397001
3827.720000;7118.397001
5005.220000;7118.397001
2204.460000;7118.397001
1800.000000;7118.397001
1800.000000;7118.397001
8562.960000;7118.397001
7727.760000;7118.397001
5407.340000;7118.397001
9028.300000;7118.397001
398.810000;7118.397001
2114.230000;7118.397001
3505.850000;7118.397001
642.550000;7118.397001
7071.390000;7118.397001
35564.780000;7118.397001
361.980000;7118.397001
1356.700000;7118.397001
27591.860000;7118.397001
1019.140000;7118.397001
7896.170000;7118.397001
3433.320000;7118.397001
6071.670000;7118.397001
1702.240000;7118.397001
5749.210000;7118.397001
1068.850000;7118.397001
4369.720000;7118.397001
18685.660000;7118.397001
1798.130000;7118.397001
4960.980000;7118.397001
6314.700000;7118.397001
8837.890000;7118.397001
2090.140000;7118.397001
11272.590000;7118.397001
7439.270000;7118.397001
16949.770000;7118.397001
506.290000;7118.397001
157.550000;7118.397001
571.960000;7118.397001
3914.740000;7118.397001
6328.310000;7118.397001
9861.860000;7118.397001
7701.930000;7118.397001
8511.520000;7118.397001
6813.380000;7118.397001
7962.970000;7118.397001
13402.870000;7118.397001
7180.830000;7118.397001
6214.230000;7118.397001
766.280000;7118.397001
6367.530000;7118.397001
2149.570000;7118.397001
25544.660000;7118.397001
6372.820000;7118.397001
3531.170000;7118.397001
4329.790000;7118.397001
186.760000;7118.397001
