8897.480000;11491.737104
2082.670000;6008.799265
437.360000;651.543219
14590.860000;15210.894476
8412.470000;10772.566458
5315.520000;12925.669809
8095.170000;15250.117945
2389.100000;6554.657141
9579.090000;7652.194555
8000.000000;10895.270578
13032.900000;10851.135186
7192.310000;6381.774657
6443.100000;11631.408490
135.390000;1497.790528
19497.940000;11756.051563
16030.560000;11756.051563
11275.310000;9813.541622
7415.270000;12199.581175
6360.000000;12052.413583
2612.560000;2723.029198
7606.200000;10266.221912
2118.300000;9257.585144
6235.410000;9257.585144
2766.000000;2992.463343
13272.520000;12663.212847
5577.330000;6876.031208
5572.350000;6501.861046
856.850000;-623.216184
5533.790000;7560.550858
6601.210000;10426.576119
10323.260000;11509.851953
6560.000000;15762.593481
1082.780000;10696.431542
7505.720000;6710.576979
14304.660000;11737.067439
952.700000;9097.735649
15240.870000;19234.618433
16734.140000;10196.332709
4905.890000;10433.143966
872.470000;6780.528955
15874.280000;11841.413350
8014.100000;14781.097268
937.910000;2734.830782
4985.170000;10410.234044
19682.580000;9684.907691
57177.000000;10772.563410
5553.400000;10151.454740
4449.260000;11140.670789
800.000000;16108.054297
8414.450000;11671.994636
5710.000000;15803.191672
11050.360000;9727.220153
3608.130000;9975.499527
6909.600000;12379.786087
13362.900000;10270.768439
6239.330000;7130.030548
5637.910000;7130.030548
5708.460000;11978.309820
4481.430000;3101.968349
21395.930000;10458.123661
11392.220000;9758.910153
6602.890000;7865.120053
391.870000;2005.352441
10422.960000;9957.565313
6057.290000;9359.823127
4568.330000;7350.209058
5225.120000;5642.229245
3568.560000;6798.000090
526.940000;1013.595469
9042.760000;10979.682829
2380.290000;6954.052399
4992.970000;9088.966853
3600.000000;5629.111851
5712.220000;7843.113298
20316.000000;10955.559826
6091.980000;7736.221701
362.000000;-587.339315
11314.290000;10691.433056
6505.020000;6897.943433
12631.580000;7308.182283
179.850000;892.147141
5493.570000;3916.805148
4448.620000;7333.686097
4591.050000;6728.174785
11897.990000;8570.599738
5327.530000;3634.332131
3600.000000;6369.829574
12205.630000;7229.170801
6742.280000;10756.241013
2365.020000;5021.114764
14718.940000;7718.937740
4787.990000;6017.895737
71612.230000;9605.403135
11751.870000;8037.375015
123.090000;3111.937811
17094.280000;11851.550424
8527.530000;11201.112510
20497.810000;10296.939812
1441.890000;8920.947524
1792.860000;3603.257734
11138.800000;16313.752751
565.240000;2202.623037
8349.060000;7197.027841
6030.910000;8197.191387
5297.600000;6651.400955
5142.790000;6524.440162
525.450000;5808.137558
4431.080000;6539.906232
9067.680000;6443.875551
17116.540000;14666.355680
819.740000;5686.984176
19783.690000;10087.870216
5580.080000;7625.959933
10798.750000;7819.047167
12857.310000;11517.428455
12654.580000;10062.711194
3904.330000;7987.810960
11806.150000;7075.168665
3512.110000;5578.545353
457.450000;5553.884734
26584.330000;11660.454922
14873.060000;6242.384643
6512.480000;6150.196621
538.690000;3344.126419
761.560000;2260.907013
2216.350000;-2116.696625
4459.890000;5777.233864
2506.380000;5678.591390
4924.100000;9761.636293
4301.860000;7425.369903
829.110000;6900.640539
2314.310000;6511.280119
1600.000000;6264.977283
2301.670000;3974.773674
26721.550000;11977.389376
5798.650000;5914.710479
2878.220000;5671.828356
9611.750000;8101.974280
14117.800000;6660.540316
3600.000000;6630.632609
679.850000;1905.239591
3649.210000;6715.804279
3505.850000;6136.780513
3647.000000;6003.362067
1164.810000;5978.701449
3502.940000;6124.025655
3505.850000;6408.038624
442.820000;1127.125833
771.750000;1046.492461
6111.710000;8054.191386
5353.050000;9835.491409
29299.020000;10006.883023
13320.000000;9874.736384
19084.300000;10939.301391
2985.770000;2659.416206
9258.250000;9980.125428
7796.270000;9950.019427
11800.280000;9147.845750
10808.720000;7701.742074
12576.490000;6238.418900
3600.000000;4146.285294
662.780000;544.087493
4599.540000;6768.081754
3726.950000;7870.775934
5655.200000;6053.032501
4041.700000;7001.314249
548.610000;817.185488
4741.050000;3135.905651
9066.360000;9649.102702
1523.860000;2154.843174
16008.160000;11012.965591
3324.320000;10490.042643
34264.260000;10554.063399
4206.750000;10513.942673
21402.240000;11923.939383
7301.730000;10556.917943
6457.260000;13240.636202
7125.640000;10319.252857
1895.030000;2154.204401
5535.410000;7843.481083
860.090000;9363.622488
4633.920000;11681.762296
12728.670000;9921.985931
7160.350000;6874.618454
632.370000;865.507861
144.120000;2006.852404
14420.670000;7478.101057
6923.840000;6860.307540
5465.880000;10660.538152
4235.660000;10402.468869
13608.290000;11687.303079
7363.980000;11570.454438
7138.730000;7283.959522
6733.600000;7961.665008
1529.410000;4444.425025
16911.350000;11222.300191
12259.340000;10976.962612
5468.300000;9986.220552
10218.180000;10187.178373
2493.380000;7072.384125
12551.190000;9313.365730
10215.120000;10218.150649
7727.660000;8088.480842
6643.300000;10656.944992
13257.870000;11015.032541
2172.150000;9556.895212
11790.800000;6870.603442
4344.910000;8553.004395
7240.820000;7013.456103
5162.260000;8252.214160
3588.040000;264.346854
33080.950000;14623.549234
42504.130000;10771.519245
5272.660000;10717.722862
29957.430000;11701.164092
1901.020000;11856.497565
407.740000;1036.278749
30765.960000;10081.220958
13371.060000;11167.578990
2257.680000;1658.705209
3791.540000;6767.521984
4237.400000;11866.557597
8422.760000;7092.101781
2435.690000;1935.254921
13568.670000;11422.318835
2738.360000;8392.415559
33310.230000;10492.733273
3030.630000;9606.157762
1412.620000;2323.551637
3913.880000;6849.443756
3736.550000;8123.611459
15277.270000;9847.045033
8929.250000;11501.416285
25.460000;-836.846559
21052.630000;9053.170989
1036.320000;1160.235922
4074.680000;6271.933924
2500.000000;12596.621026
14033.120000;9953.661158
3101.830000;12716.167363
1912.090000;12665.029364
4830.140000;9690.146493
4584.110000;6407.704563
14003.290000;10563.079181
3713.480000;6400.516019
11388.000000;9857.428120
5302.840000;6107.796417
7993.410000;6346.910001
15802.730000;11618.520906
13624.950000;11783.623554
13079.520000;9481.992370
8.780000;1388.549110
5521.730000;6768.484751
8688.000000;6763.298906
6447.930000;9149.527581
877.410000;3342.313425
8048.400000;8881.734177
13777.060000;10572.257840
7897.670000;7460.558983
6539.800000;6265.157707
1402.910000;2179.657796
6010.510000;6725.217848
21217.690000;6754.573349
2748.490000;7513.035808
30048.510000;4958.063359
3467.080000;9577.582841
16111.650000;11629.289275
8406.220000;10425.360798
9586.560000;10402.155096
5110.740000;6754.247468
1071.570000;1047.407259
1808.510000;8728.810424
3914.650000;6305.940885
9387.840000;5257.922496
9748.240000;6408.984354
1613.770000;9525.931253
3907.610000;6580.678091
3605.300000;7920.986790
665.340000;2065.218693
5512.760000;5840.244185
7970.400000;8589.501804
1861.410000;12028.153868
8911.560000;7329.675995
9208.930000;6805.839006
4162.010000;8182.807901
6063.120000;7220.737667
4050.270000;7181.788120
7837.180000;6785.104712
1829.160000;-1538.255326
1768.780000;2182.787744
1564.050000;4192.356196
4978.290000;6192.474077
4630.680000;7410.115078
8833.710000;9457.388568
120.530000;-935.559719
120.530000;1007.056350
502.440000;-957.477901
3726.600000;5645.226646
67.450000;5645.226646
1640.700000;6463.514574
14763.150000;7300.279122
2415.830000;2888.420262
2942.470000;9056.134489
7207.100000;9809.839491
4493.690000;4481.109483
6952.300000;5493.528055
763.550000;12608.272142
688.140000;1843.436268
11420.630000;5493.528055
7962.080000;13082.061031
6454.120000;11650.643543
6547.340000;2178.343843
1758.900000;9893.623853
21329.190000;10268.660222
9032.180000;7464.082034
1378.570000;4273.461812
13919.780000;8826.427558
2107.540000;4183.857539
13058.250000;11054.942415
15612.230000;7145.968567
2238.610000;6328.328525
1013.670000;11154.224972
7626.600000;5812.421554
4855.710000;7218.943479
1594.590000;7320.567647
1440.760000;5465.886233
4091.430000;8775.422591
468.720000;4207.720400
3058.390000;12087.294292
463.390000;357.760114
200.000000;3682.837622
6420.820000;7768.776393
8416.340000;9912.542445
625.230000;1467.242167
1828.740000;3003.897564
8744.980000;5123.145092
9432.260000;9753.009753
3449.430000;6407.977701
4847.220000;6259.147084
8856.530000;6434.131428
5926.670000;8064.313079
4197.870000;6769.911295
2767.520000;6418.848115
6.030000;5992.398026
8419.110000;9282.279708
573.180000;2519.876927
876.460000;5578.701846
3505.850000;5036.168237
9800.830000;6361.289809
3421.420000;5821.256177
2500.000000;4887.666492
8810.190000;7788.413144
979.060000;8982.047105
14699.800000;7299.931078
7583.740000;5982.783934
17391.100000;14915.850392
13356.370000;11400.320073
7601.520000;5887.682653
4210.120000;2442.905537
9425.700000;10479.187039
7731.840000;5597.886142
81.710000;5573.225523
7567.790000;7591.662711
14925.710000;14186.813725
80.200000;10424.871118
8327.900000;4600.229803
4911.230000;4668.276281
8012.910000;11326.437820
4286.940000;5859.794276
3717.830000;6970.516179
5400.840000;7764.776036
2332.100000;12053.172488
5164.750000;11990.081398
15819.500000;1119.574463
7857.580000;7462.200494
9105.170000;6384.656928
13261.400000;10138.992331
16169.430000;11937.343638
10574.270000;11836.938591
1326.580000;3469.492255
3415.400000;10097.546149
8148.580000;8735.500095
4533.440000;4202.994763
3016.330000;5744.993048
9624.050000;5344.180467
5182.200000;7132.884018
4925.430000;5496.199178
7996.470000;6707.616132
3856.570000;9291.105939
6080.730000;7381.314233
1051.930000;-662.127988
2617.310000;7415.235741
618.220000;2528.729273
10910.250000;11245.533210
19324.540000;11171.551355
6252.320000;6810.299648
19613.380000;9773.689211
17750.840000;9772.910598
12681.550000;6203.906123
10681.280000;9637.450390
7797.840000;12242.507217
19428.820000;14255.775683
2170.240000;1208.811684
9561.030000;8104.627561
4843.630000;8360.294873
5618.920000;3587.751851
2745.170000;11540.835675
7738.560000;9752.417641
3991.390000;3341.292957
1909.100000;5686.780042
6911.270000;10669.842399
5512.360000;10596.639155
10297.460000;7767.232261
6689.280000;7669.627936
4344.880000;8187.345536
4524.090000;10466.616417
8899.740000;10866.616965
2791.940000;6184.018822
32791.840000;10935.144320
7103.570000;8917.660350
10492.140000;5855.974330
7785.190000;5782.252011
5556.820000;9435.580551
13929.650000;6618.035591
4189.350000;5184.878337
2151.330000;1592.207389
2601.640000;7388.521794
3287.130000;7461.865353
4124.420000;7877.034663
6308.990000;9187.841564
4921.990000;10950.802283
13730.110000;7821.458924
5281.700000;6149.934299
3243.740000;9781.571207
565.780000;5790.137232
231.700000;-147.506924
6672.690000;5740.815995
5095.470000;6807.377793
3120.000000;7031.683374
3240.000000;10049.074425
10167.820000;9579.730705
9265.000000;9626.332354
5622.360000;7311.876450
8634.650000;7237.894594
4101.250000;6140.761926
168.690000;1256.385055
10708.280000;6737.460706
6972.390000;6249.283250
9600.000000;10288.725119
7476.480000;7754.108809
4054.610000;1560.594222
6662.570000;7546.076690
406.840000;854.987014
5048.160000;8094.683917
3495.710000;6001.933565
3495.710000;6001.933565
8373.510000;8289.490359
9059.530000;3395.198412
24617.700000;11669.658635
2859.990000;6099.225149
7931.120000;11199.374203
4143.080000;6365.857390
10046.850000;11838.600697
7498.220000;10147.492605
9211.390000;10172.412761
887.000000;11233.171913
7574.560000;9238.368224
6587.080000;100.497739
7194.180000;10872.679242
4440.090000;7962.694712
800.000000;5384.057796
4344.300000;5285.281630
9080.880000;6793.447113
4900.170000;5794.943795
5862.260000;5770.802251
9456.220000;11462.361349
10630.360000;6082.039578
4558.970000;6033.237416
672.850000;5305.953804
10485.500000;11951.677807
5285.480000;8233.421611
1896.500000;7258.454511
6888.240000;7617.118236
14919.660000;6329.558017
3859.380000;8203.887617
2810.760000;8533.053758
8168.560000;1630.242304
100.000000;1063.853420
1644.050000;-156.913096
464.000000;33.160497
8265.600000;10101.060711
1910.180000;5143.891773
5730.400000;7904.969516
420.250000;4737.103835
7037.150000;7836.652790
6801.510000;5740.193843
7238.680000;7939.906361
6756.030000;9107.227338
1095.880000;569.431854
1464.310000;2988.624774
2910.070000;11905.649959
8400.000000;6473.572460
3522.850000;10738.438612
4834.190000;6841.228126
12940.480000;8645.043230
804.060000;-174.737578
100.000000;4951.041252
1216.630000;5966.900068
1371.350000;2749.401156
4226.500000;4338.094140
25488.220000;12169.043327
5598.090000;8146.144080
4007.170000;2256.856920
2141.870000;3526.714106
5834.140000;8071.566039
2913.910000;3275.665129
4143.000000;11931.345437
8872.130000;9440.399398
3489.360000;9369.527089
9828.860000;8263.091380
6787.050000;9631.729554
856.860000;1592.580235
86.890000;2502.946925
5800.000000;9615.160561
5616.580000;9852.476739
7889.610000;9113.763138
4807.890000;6640.936251
3019.290000;6246.053559
15719.100000;10922.238699
3833.440000;5877.349386
8791.260000;6917.129704
9147.940000;10183.408385
8025.040000;10863.932115
3430.030000;6572.796342
4148.440000;6572.796342
357.750000;3956.237063
3913.080000;6800.746337
5657.970000;4253.308518
1247.940000;5141.075007
10602.520000;6254.438541
5883.030000;6342.709325
6451.510000;8325.824277
3956.950000;6199.050685
7382.160000;7527.038449
7344.140000;7693.609934
6234.020000;6014.360728
5536.610000;8356.301932
4860.000000;10225.692445
7294.000000;6788.746097
9375.720000;8200.898257
1622.890000;14330.865162
16859.640000;7349.447392
3359.590000;11527.889367
1014.830000;8598.383442
499.920000;1479.400932
2761.490000;3646.032359
5637.290000;11085.131005
11258.280000;11085.131005
7367.790000;5013.225596
3199.150000;7607.834214
4200.000000;9886.021992
4000.000000;7060.387026
9457.410000;6828.252894
10188.730000;10510.470541
11610.580000;11678.473808
7119.920000;10031.105088
6455.310000;7650.962843
3547.690000;12367.469587
7949.780000;3533.160462
7415.660000;6009.013726
9236.470000;6041.209772
7152.350000;7219.466754
2999.840000;7150.670743
3504.580000;9649.052208
13095.570000;13971.745222
5069.150000;9435.629214
4138.200000;6100.681124
2782.920000;1888.937653
7080.750000;6082.165646
436.180000;3402.631935
13585.440000;9790.639113
1593.620000;8616.425870
8396.730000;8133.143745
6002.550000;6679.932723
4437.540000;14445.452755
6690.810000;6170.835942
4653.090000;6087.520545
753.740000;2342.766074
2949.000000;5462.200180
718.890000;2552.014733
3827.970000;12170.062913
8300.000000;14476.223303
6482.010000;6744.070042
4144.330000;10534.377876
6640.340000;10155.905527
871.390000;5582.654320
320.000000;1708.510696
10896.720000;10974.021677
12880.060000;7652.676633
4016.700000;5670.936818
4186.590000;7259.198575
6667.070000;7689.016921
319.200000;3166.474701
3869.240000;2216.606501
15968.960000;3919.152423
6798.980000;7781.117692
12000.000000;7941.439207
4868.370000;8568.028207
5105.020000;7280.467988
2635.830000;7843.114712
5134.600000;-616.230084
3600.000000;9052.873140
6668.810000;11045.477644
4512.000000;9483.166249
9081.550000;7283.028435
3675.230000;7258.627354
5368.890000;7946.817301
3592.300000;9652.761265
3480.000000;6730.771131
3763.520000;5387.297375
13930.090000;11402.698717
9323.830000;11475.901961
11091.020000;11681.443012
1152.880000;8070.233000
3703.820000;3072.906247
1608.780000;3487.137932
22511.750000;10848.361120
5182.060000;6489.112040
2638.130000;3965.819412
11697.140000;9961.918119
6609.590000;5885.515729
3564.490000;7971.213573
6127.890000;12516.907845
8930.970000;6669.929816
5859.760000;6488.692397
9230.700000;6194.003345
1748.850000;3070.513561
6567.050000;9209.162653
8313.970000;8218.239754
14598.400000;9982.439218
3903.550000;4966.230967
321.900000;103.958103
4110.590000;6312.512847
924.030000;3235.324864
6753.160000;9455.939326
4123.850000;6061.344606
9117.710000;5844.444661
6826.540000;9752.308381
7685.880000;7345.757364
2384.190000;2092.801591
4557.330000;6536.137171
17190.600000;9918.632731
3943.740000;1962.314348
7864.640000;7895.971486
250.000000;3677.944556
12530.350000;11853.747403
19806.920000;15375.983711
6000.000000;4892.086048
9193.730000;8218.943652
6765.760000;6930.864358
8272.690000;7887.235040
4014.570000;6310.623253
15191.880000;12055.585505
9350.660000;9764.398390
1164.670000;5700.470521
4598.190000;5379.214891
7740.740000;7425.899597
7170.260000;6742.458005
4507.840000;6479.173797
3150.940000;5084.393085
846.900000;5904.240606
3989.960000;9483.415098
13064.300000;3933.625227
1200.000000;3291.638887
2204.300000;-833.984218
337.200000;10483.497531
6903.750000;9838.089806
9748.510000;2987.404843
563.530000;1197.341304
5280.000000;4828.979485
5692.080000;2616.684907
350.850000;-1545.566120
27697.850000;7096.524121
1873.570000;1330.128935
2300.000000;1855.936985
551.700000;3239.951386
505.180000;-804.539600
5142.550000;10817.841520
5259.730000;7350.382998
3672.220000;7600.466646
3787.350000;3096.309454
24701.670000;9519.139991
41078.480000;9543.541072
4725.810000;4124.528400
12484.570000;10035.571864
9825.670000;7445.873881
6693.740000;7703.546617
3500.000000;10112.821427
3864.410000;6898.396896
250.000000;-1069.138509
429.210000;-721.195940
478.210000;205.784895
5163.250000;6648.600559
6401.270000;6394.060038
19433.760000;10754.089800
18053.110000;11707.925044
5611.570000;6964.630792
1490.280000;8079.231112
6887.980000;8079.169839
4419.930000;4470.228931
6849.710000;7597.223249
3791.790000;11820.579227
3163.950000;5513.737459
6009.880000;7757.640822
9188.880000;7497.936103
27.840000;2939.552419
4065.020000;7609.234319
19601.160000;6355.237959
8244.810000;9306.610675
8085.340000;6496.204511
3480.000000;7666.166556
4452.950000;6966.522305
4624.320000;8241.048492
232.650000;1315.626747
6551.500000;7979.941470
13060.020000;6897.509860
7939.300000;9791.570016
4254.830000;6945.294265
1401.480000;6374.235964
1854.720000;4719.631837
6066.740000;7236.945181
3527.630000;9433.410499
21782.320000;7231.333064
10388.210000;8284.341965
695.090000;1986.063403
3783.270000;6118.673290
12978.410000;10766.583224
2222.880000;1025.201595
12592.000000;10069.142191
41234.040000;11444.223662
11273.840000;10448.009762
2184.790000;1254.500484
1155.900000;575.369875
10224.020000;6500.816626
9706.600000;6567.315454
3087.900000;2986.660013
6827.500000;9386.229224
1147.830000;-264.339671
9016.110000;12401.795778
4042.610000;10555.328726
4219.760000;5688.875981
4935.260000;13006.316985
4449.850000;5191.662557
7539.930000;5935.497026
509.890000;722.350335
16105.810000;8241.327499
700.790000;3991.704665
34309.940000;12070.120083
709.260000;-468.082097
6897.610000;11530.622823
53854.610000;14363.876483
351.020000;1837.607595
6338.130000;12706.450561
8716.090000;9504.828814
4380.000000;6015.841696
23684.210000;10896.869829
4085.410000;4102.547488
1058.250000;3379.101888
5792.170000;6949.726895
4564.370000;7920.793511
4920.000000;9555.852991
746.720000;2521.128553
14676.340000;13320.060964
5688.960000;6561.893839
5396.460000;4348.838864
1574.020000;249.963989
14599.320000;11921.846319
4648.250000;10319.106604
9041.490000;7597.471907
3795.520000;6334.572307
12972.130000;9715.648295
10440.000000;11445.398227
617.510000;6061.038411
28726.360000;2401.090893
4154.930000;6349.147952
1754.050000;1722.891916
6002.510000;7550.919744
6338.820000;11533.654669
4478.660000;9096.787304
3739.860000;6808.449476
444.530000;-180.464120
8524.540000;6967.610463
7977.050000;10693.471818
3477.760000;1754.559936
27396.240000;10813.455756
6779.790000;7841.364749
3518.980000;6825.443577
6406.380000;7976.553766
10860.580000;9696.188293
47874.000000;9360.648286
9162.820000;10222.340332
6469.840000;7761.428862
8930.700000;9698.258351
3560.890000;7884.978795
6784.250000;7802.412931
19981.850000;9573.181812
17437.030000;9573.181812
1876.830000;10640.888273
6849.550000;11015.012570
4080.740000;7363.774339
3840.000000;5645.186573
4200.000000;6308.716723
3697.480000;4590.484152
4442.140000;6434.744190
12150.510000;10151.774003
8094.900000;5144.505608
2124.700000;4430.065510
4882.730000;6286.257161
4900.130000;7723.665598
9012.660000;10212.591550
2669.150000;4357.057302
435.000000;2150.754019
11000.030000;12166.338919
6600.000000;7264.172256
3620.100000;5138.193324
3457.180000;8038.984376
34839.410000;11783.028709
14040.000000;9718.855749
4246.370000;5942.777330
1478.510000;5354.023187
3800.870000;5844.653930
6672.210000;10019.263718
5506.370000;9494.033230
4283.020000;8155.152525
8487.000000;11704.665480
2668.210000;3635.103983
11625.550000;9973.111036
3504.550000;6907.755652
4391.850000;7955.945002
3146.400000;5716.748677
919.350000;2077.104523
2241.080000;3294.066116
3200.000000;8804.492521
3378.570000;520.966543
48954.150000;10524.521756
6862.150000;11999.215256
4822.200000;2261.879098
1282.130000;6579.167536
6845.200000;7447.680266
11922.100000;8348.346037
5990.780000;7825.385228
397.840000;6655.163645
6871.650000;11461.832642
4933.630000;8282.985909
6516.890000;7234.539275
5126.130000;4849.563614
5824.560000;6424.422833
8663.700000;8522.190450
12114.400000;10088.047142
7578.210000;5767.196064
9812.800000;10765.754093
9758.140000;11052.037618
8197.520000;10978.050860
6057.290000;14024.539981
24330.570000;13127.646049
10877.690000;12724.027273
302.210000;1053.380956
340.970000;-913.636195
63.720000;4202.320590
557.930000;7994.607934
9435.030000;12418.737529
1479.860000;6185.648086
3941.610000;7739.272007
10680.740000;13837.774882
24679.690000;11399.319555
10256.000000;11906.656070
10376.000000;10129.353353
14224.080000;11795.772854
8683.930000;6991.842967
22482.870000;11079.113899
23084.470000;11118.063446
407.380000;-624.839875
163.200000;-896.191373
12075.040000;6935.925405
2683.260000;7056.691284
94.780000;11149.871885
1862.640000;13155.389603
15352.130000;12131.854037
7673.710000;10567.393051
5315.620000;7236.411508
9815.030000;8149.464167
66243.660000;13406.206026
53273.120000;15289.364374
16267.310000;6822.645800
34324.370000;11668.380146
5690.430000;7422.499434
13989.430000;12308.539112
5999.840000;7029.117596
155.110000;2176.762987
1563.540000;5573.331351
8688.460000;15209.363138
6853.330000;15481.254508
13317.510000;8922.400691
4266.500000;6061.261854
1560.990000;22.061404
975.750000;4091.788324
6512.050000;9716.437448
8005.720000;6084.753210
1142.810000;1095.668772
3600.000000;6522.116546
11524.150000;6186.789216
3930.130000;9292.949115
3776.260000;12313.917293
17179.200000;5676.250674
4464.430000;6252.914630
1392.790000;6832.590798
9503.020000;7133.114458
372.690000;10757.440198
14417.100000;10683.458342
11203.040000;10140.924733
8408.660000;6914.068835
1386.510000;3737.659436
3390.000000;6194.209409
8486.670000;9861.785329
7231.310000;9920.209649
4833.290000;15992.037064
19242.060000;6130.566424
12306.730000;12076.611407
1745.440000;2976.298963
1303.290000;1406.837955
5014.230000;11474.260334
5555.050000;8300.939147
12711.650000;7540.624861
3029.450000;6301.607267
494.200000;891.151974
4689.570000;6669.971362
10917.280000;6118.183741
2964.570000;11083.240027
6921.000000;13604.422712
16247.540000;11312.817465
12566.600000;8426.019458
4496.350000;8577.381333
2312.470000;9674.233027
1044.130000;6604.981347
3495.710000;7375.694393
1519.540000;3050.679869
9515.950000;5886.982180
6791.400000;7807.776259
4749.990000;6588.752514
10973.600000;10194.225457
7704.780000;10135.541599
6566.400000;8450.039266
3741.280000;8240.512608
8341.080000;9978.598054
16311.540000;12976.210467
33427.710000;11792.968114
5974.350000;6813.876400
10365.980000;11540.868956
14407.250000;12393.617122
12296.000000;11990.534051
3147.800000;16258.025422
2369.850000;3963.537296
7721.650000;11701.720092
10720.160000;11265.834348
15864.120000;7964.436719
6263.720000;9111.388263
4681.920000;9062.067026
10693.820000;10512.627442
3711.960000;8508.236212
5058.680000;7887.424947
6662.540000;5838.292414
6893.530000;5813.631795
7715.710000;16585.729745
14277.890000;11357.743651
11000.790000;10075.633704
10497.220000;10535.411644
11265.590000;8573.708007
18612.240000;11413.821190
15812.650000;11328.767228
3401.900000;12009.081241
23643.290000;11444.313834
9422.030000;11004.809326
1616.700000;7435.695914
9532.640000;14649.863211
18166.240000;14129.856731
6220.950000;9789.652112
5232.410000;7734.019026
7712.900000;11573.285226
12699.710000;12818.140982
5908.250000;12798.925746
18691.560000;10116.691430
7842.100000;5376.371709
3727.200000;17280.932110
6518.450000;9656.537016
5647.530000;11580.918645
12133.040000;12027.762911
10688.480000;7292.598185
726.800000;2071.706551
4407.040000;10713.163352
2088.610000;4909.346734
615.650000;6692.038732
5330.710000;7931.758957
4200.000000;6778.638043
4063.640000;8322.889409
3779.250000;7006.332334
7808.070000;9290.483290
9012.220000;8052.381874
9529.160000;6161.219714
306.140000;-505.943380
3105.840000;7993.674053
6866.830000;10337.981199
5492.380000;9399.473491
19662.670000;11673.066192
11074.760000;11477.598005
4174.040000;8281.082489
6106.250000;8016.789212
1719.530000;6326.750102
8769.660000;9808.748520
836.740000;-1161.152365
483.160000;4070.256058
27943.350000;7957.402104
2205.000000;8911.287629
1916.040000;2768.043363
4175.450000;7495.749361
750.000000;2753.892798
515.380000;1504.366508
6811.420000;1065.159786
2021.920000;4443.261105
2178.820000;4480.042044
36287.960000;12920.587240
4759.470000;7686.468883
2992.390000;6686.846456
5669.810000;11944.627864
3766.470000;3301.391690
3798.550000;3470.719647
7741.360000;7393.468986
5143.940000;9519.978261
9579.690000;6729.049706
96767.610000;15317.302212
4851.440000;6547.136165
3022.680000;3498.153572
343.380000;599.733252
438.060000;921.106921
4693.890000;6666.582748
6752.110000;7466.611337
2556.160000;2426.927567
4213.560000;7018.275770
8468.650000;7915.840258
10245.280000;10938.306067
3833.890000;7913.094004
10016.520000;7593.031033
700.000000;2061.268558
9070.990000;10046.982212
322.610000;678.317224
389.220000;244.812210
6443.870000;11450.376109
1381.070000;2571.001021
1809.020000;5032.959598
2380.000000;5634.473792
19110.970000;7499.752177
3472.980000;4977.581598
4086.380000;8948.129783
649.090000;939.770990
3718.000000;10870.618153
3624.420000;6763.851278
3418.420000;7857.753271
4527.450000;7847.900655
311.980000;9088.569291
68497.720000;13294.350170
1089.470000;1529.204737
10.000000;920.611725
668.930000;5213.878675
5268.910000;2296.756124
1720.000000;11524.295974
6702.660000;756.325354
4690.370000;6644.803997
3252.950000;8877.905021
8379.540000;7417.453518
3103.610000;5778.823910
673.900000;1798.774202
425.930000;9109.647330
15867.340000;11806.310656
4558.040000;8464.879553
4429.730000;8390.216791
1417.560000;707.580025
998.250000;2753.428714
4560.000000;6119.718697
2750.380000;10323.859439
3386.670000;2064.745533
1118.520000;3149.782230
555.500000;-694.060701
5017.820000;9148.686235
11750.620000;11745.918366
1397.900000;804.100737
24348.920000;12966.263223
30.000000;6406.443107
57.590000;2784.740346
2715.170000;6603.571809
5236.250000;10094.274071
168.300000;1321.939035
3490.410000;3020.299363
1651.560000;3096.471379
8095.680000;7097.775999
5433.640000;4020.035974
9065.430000;5846.403309
15613.540000;7420.778469
21148.490000;10357.162742
4765.190000;6994.386230
7132.450000;10482.958176
712.740000;638.504083
10803.140000;7860.359091
3706.000000;7969.363133
1800.000000;995.925393
4147.100000;4976.424986
439.650000;6610.285835
6641.260000;10188.270757
3337.990000;6528.017601
10095.040000;9692.707639
5502.780000;706.019925
9171.720000;10794.581542
4800.000000;11436.989530
7862.250000;6627.846038
4036.740000;6418.088922
5792.400000;10568.800955
5204.050000;5995.057601
2884.960000;11803.542874
1318.680000;11743.089482
4661.230000;6740.388466
5788.980000;9998.169777
15895.180000;13268.372283
1753.360000;474.830647
3703.590000;6930.343136
4807.490000;8110.022085
10039.830000;10073.121747
1037.600000;977.044298
13122.430000;11411.722299
633.260000;1833.195621
2268.990000;2271.712646
2102.710000;2354.040910
12832.070000;9182.212509
3806.320000;-346.033399
2896.200000;14425.198966
37742.850000;5275.372573
16297.760000;11263.682865
14549.350000;11141.648379
13379.330000;11445.530338
1577.660000;3834.945384
6428.180000;7492.941923
8615.950000;7790.158631
10218.180000;9966.738675
3024.330000;6326.405688
27069.020000;11336.467337
17109.880000;11229.240854
1574.420000;382.209793
2106.710000;7817.903115
6096.330000;6606.492587
5290.380000;6508.369187
2533.030000;7680.651979
9344.640000;7705.341678
4554.590000;6133.915736
6640.510000;9859.627161
503.460000;2569.101539
1761.560000;3134.000902
2053.110000;2423.639790
8172.800000;6595.430068
8904.760000;7603.698835
24538.630000;11256.040196
4777.750000;7729.534672
8676.670000;6412.928388
1752.930000;7509.398572
4010.830000;6417.880616
4392.940000;6393.479535
12583.870000;6446.998476
10184.040000;9841.852734
4489.440000;11182.153654
5831.840000;10171.907034
341.200000;7412.842726
1023.520000;361.162525
723.500000;1712.293263
888.950000;1355.324363
15974.670000;9016.356732
14356.770000;7632.351136
4383.330000;7671.560220
9713.870000;6145.755630
6967.320000;7445.415086
298.850000;-239.975408
7272.070000;6511.539682
6033.510000;6374.985810
11165.330000;6511.339036
11462.780000;8187.720421
6371.640000;11327.905947
3373.290000;9488.868989
17367.440000;7544.558070
7259.920000;9028.804757
9850.000000;12203.332591
74592.570000;12655.657111
26331.960000;9950.741020
808.610000;942.123904
13722.490000;7713.131228
11016.390000;11226.887615
7777.390000;6536.093068
5113.960000;6297.239021
3521.940000;5828.223420
1895.610000;959.986972
8847.700000;7787.041270
7026.740000;7484.836595
305.780000;-1013.795732
8893.560000;11544.056027
17392.270000;6353.301392
8120.390000;7431.364032
3451.290000;4495.267488
2570.380000;2194.473706
5523.910000;6595.640850
9376.740000;8471.467338
5782.160000;7592.685531
6543.310000;6496.674700
3459.090000;6459.107126
1195.280000;3632.602385
2523.870000;3099.488978
13832.250000;6319.910188
3895.510000;7617.611639
17192.800000;6293.853581
3639.250000;6962.653199
15565.860000;7072.262850
7174.230000;10035.436151
16417.080000;9924.502917
5224.200000;10659.259291
12850.100000;9922.226185
100.000000;1361.624839
7659.410000;7002.368023
5882.180000;6953.565860
6411.100000;6323.114458
5095.000000;9983.579554
7709.440000;3169.817507
3526.880000;11112.885607
8294.470000;9208.835896
8224.140000;9930.740013
3812.790000;11719.360081
5512.000000;9911.472177
58513.530000;14043.339277
6486.180000;9819.723761
8956.290000;9889.573513
2177.650000;7462.313834
13948.020000;11186.755889
3720.000000;6443.213390
6821.280000;9589.331905
2073.950000;940.570075
3984.260000;8300.351781
9263.990000;6023.149346
4630.420000;7361.334268
3948.670000;7419.528131
418.940000;881.948498
1137.270000;10016.718568
15657.360000;7685.412877
7458.720000;8989.171678
3406.680000;7563.637928
32023.450000;12451.533029
2348.660000;4067.598706
1709.060000;9112.986921
2896.200000;10028.781401
4548.000000;7429.012178
5128.060000;7572.960983
3591.170000;5940.455453
5042.590000;6150.084650
7773.800000;10052.380575
313.270000;4312.177057
4285.690000;9480.917714
3680.960000;7946.944354
7298.420000;1990.260522
7800.000000;7483.328500
7724.940000;9654.208527
2117.640000;283.072439
7506.790000;7579.776415
20289.990000;9430.710121
3702.090000;3421.340680
4259.740000;4640.948546
6927.130000;9290.236671
5821.660000;4514.728342
21560.390000;9736.552971
7764.560000;9451.538219
4102.920000;1048.547586
4375.590000;6016.605549
8260.360000;6240.980732
8203.590000;4758.182784
2174.860000;3292.274967
13085.260000;6133.007209
6484.190000;7211.040769
8512.990000;6066.184351
7287.700000;7280.800864
9918.790000;6154.420571
5231.760000;5896.322208
4680.000000;6003.381524
5200.000000;6066.837036
4687.470000;4025.029813
4280.000000;4524.682916
1300.000000;3877.618180
15305.290000;12595.037007
260.430000;-1380.528139
6592.650000;10794.797641
15822.830000;5999.109345
11578.410000;12523.981930
14429.520000;8916.741093
9465.550000;7563.384654
320.060000;1757.182696
4126.330000;3405.966994
5405.730000;7362.680565
3505.850000;7325.817813
1752.930000;7717.398244
7383.940000;9342.140743
1098.720000;1047.072466
5327.150000;6055.337322
6889.470000;5766.273367
4046.280000;5732.019670
3931.610000;5863.847682
9719.810000;9518.492427
4727.330000;1816.152007
7015.030000;9715.519968
930.860000;1051.829835
881.700000;5877.229509
2742.240000;7052.377400
1292.910000;3889.648533
8081.390000;10631.515837
8688.600000;10438.638121
8553.830000;11674.428013
5383.030000;8058.770009
4358.140000;1737.631763
3544.120000;6847.404480
3675.320000;9479.757221
1752.930000;9693.827946
10197.490000;6216.148287
7470.380000;9504.953918
4445.900000;9224.814488
21166.910000;9836.024212
1020.210000;2432.110105
9177.600000;3385.632728
945.060000;1293.093919
13477.050000;10588.441717
2420.900000;1380.454975
2500.000000;1328.001630
3929.700000;10076.772722
3481.870000;10332.977538
20044.830000;9108.767948
14423.520000;5943.134042
11171.030000;6327.904582
6238.600000;11880.617489
5346.100000;4842.789628
5598.320000;7219.607853
7837.110000;6479.472814
2398.070000;1972.125965
602.250000;6032.989782
338.330000;7661.408310
9387.330000;9106.720392
3534.520000;10310.340370
143.940000;303.694094
249.100000;3172.042273
680.000000;3115.336018
408.330000;706.997385
10799.240000;10965.320763
1774.880000;1142.719655
1870.100000;814.065982
12045.120000;2771.405136
637.930000;3195.724036
2312.110000;3105.159622
6605.900000;6942.216318
1100.000000;2850.680717
1757.470000;2035.747462
17766.620000;7107.104516
10310.710000;10677.231735
7508.840000;10795.227258
23.770000;3191.716891
999.650000;-908.618035
1433.860000;890.243545
6863.990000;5998.874976
19404.540000;6522.759587
14728.100000;13686.325653
2968.210000;9019.544358
7820.420000;9403.475064
3418.100000;9222.300922
401.520000;126.470482
3884.630000;8108.800898
4633.920000;2298.395263
7049.460000;9178.234191
3202.540000;5438.818424
6607.900000;5217.611762
12910.570000;8746.358675
9359.050000;10033.448552
3426.620000;10521.287396
5084.080000;8069.989127
10271.420000;10137.417442
7764.260000;1926.915048
2925.300000;4758.347266
7782.030000;6580.120156
3663.200000;8139.391691
8634.400000;10488.862102
6778.480000;10510.672712
7877.630000;10868.470889
33296.850000;10844.069807
3463.810000;6423.462747
10381.100000;9154.129473
233.200000;3100.218162
6272.390000;8194.329243
2870.610000;7786.293868
5704.450000;2226.890865
6727.400000;8025.831591
380.470000;2733.272296
3840.670000;8151.938637
9197.400000;9255.270246
6887.620000;6271.844025
5996.340000;8686.625418
431.820000;5686.450262
1754.330000;6534.784779
11974.380000;10601.511524
6573.540000;10372.780426
12522.970000;10675.295768
10909.800000;10486.081699
13886.080000;7973.312742
4132.220000;8152.332537
4144.910000;7742.364971
5255.900000;10445.468058
1182.080000;1637.559168
7800.000000;7353.837097
1297.290000;880.084949
817.040000;4929.000527
13501.130000;11425.097403
9955.180000;4050.246164
11647.180000;11193.341053
25001.870000;12283.854419
3615.650000;7738.116357
3332.040000;6904.244661
3330.580000;7257.882855
613.740000;2793.209394
3761.970000;6689.848559
27400.740000;10666.654025
6568.890000;13828.503764
10424.420000;10905.440955
1889.470000;3454.118142
7527.450000;7262.645409
6931.710000;10028.335471
640.000000;281.658014
3493.690000;1924.312847
7050.790000;8019.907815
10756.410000;9206.587518
6960.000000;11321.399854
11468.950000;6108.410530
3808.710000;7642.603178
6888.920000;7045.442899
6797.960000;8905.913368
13123.160000;12359.666922
9741.550000;7926.830874
13116.580000;6074.697961
2785.020000;6552.267715
5984.470000;6366.487592
6245.290000;7816.397120
9354.070000;2143.774842
5365.320000;2488.039215
3600.000000;4688.471183
1755.150000;2879.623134
4160.940000;7471.411337
3624.700000;7909.968506
3540.270000;6643.676043
581.280000;18.947942
11747.070000;7899.156611
3535.390000;7912.904574
4118.140000;6693.621292
5838.880000;7043.616541
7362.210000;10148.470310
6957.480000;11367.753593
1800.000000;7142.761875
6319.360000;4464.407444
6085.470000;7644.386795
10402.510000;10156.185684
3869.640000;6817.847809
7770.030000;8478.154044
4069.910000;7953.057004
8072.630000;11467.045935
9055.470000;10218.608997
5472.800000;6629.294089
1400.000000;1593.012874
4354.260000;10962.588085
3627.290000;6745.852256
3804.650000;7099.995201
2674.280000;5869.765742
26471.670000;6558.622762
11442.390000;7746.031281
3654.500000;6686.422772
4814.750000;7318.031293
18441.820000;10233.430271
5715.630000;7979.058915
4363.350000;5910.450107
5651.680000;6009.015928
7720.440000;6756.041279
2642.080000;3393.133413
3679.440000;7584.804143
464.750000;1908.278802
6135.540000;12119.794675
26854.460000;12945.383507
3602.140000;9938.609733
13004.480000;1903.488915
5269.880000;7703.911166
2717.090000;4715.923729
5403.350000;7793.850571
19255.500000;11065.726653
4535.480000;7778.491847
5288.080000;10306.147711
17128.480000;11223.542216
48872.350000;16254.966691
3421.360000;7686.458357
6529.090000;11887.142864
7198.840000;7767.051261
355.580000;2761.111810
27219.140000;7120.518455
3946.570000;7741.504052
2333.980000;4472.561547
4704.870000;6004.760228
4740.000000;11870.335584
32436.930000;11161.339746
11756.230000;11273.752074
3939.970000;6013.820420
3813.470000;9086.474279
13731.640000;1136.415995
3110.350000;4638.014753
4501.420000;11466.758548
2635.960000;9544.685692
10167.410000;9522.620447
3689.620000;7529.528326
4120.230000;6632.184029
8334.460000;11291.570012
10907.980000;14173.169272
1186.920000;1892.296604
2759.930000;12049.645241
10402.640000;7383.844140
12636.580000;9047.167775
2434.820000;1753.017724
6414.380000;9368.019992
10320.000000;6533.302914
5352.490000;6545.002903
4200.000000;7774.138801
3113.180000;1135.556680
10911.800000;6047.462827
3809.340000;5965.946145
232.200000;-881.325189
7222.180000;11658.034921
1038.170000;12228.726896
12626.150000;9997.592581
17750.000000;11092.538309
14.380000;847.787591
1500.000000;5425.233398
2199.220000;3223.584240
8702.250000;5864.305140
10237.550000;11130.666086
13301.000000;15378.942221
2574.890000;5638.394706
6323.220000;10487.849734
24617.700000;10573.337552
7051.050000;8001.608581
5580.540000;9488.842842
5053.130000;11550.014135
1755.220000;2994.158238
5793.490000;10572.249160
3600.000000;7875.192031
1801.670000;9330.312707
4666.900000;7488.722954
5508.730000;9783.059030
5584.040000;6212.960891
4824.780000;9873.228446
15730.140000;9936.838611
78.600000;810.109150
310.040000;1392.686745
12348.950000;7633.159997
4415.260000;11679.923879
580.000000;3038.503930
5407.390000;9303.135955
5513.000000;11687.726108
8929.220000;7512.673621
4943.830000;3702.922044
7019.310000;10762.784233
2138.460000;9792.447928
8372.660000;9759.927381
11098.600000;5777.460836
3774.210000;8092.841700
3941.850000;3875.432928
10179.820000;5721.320641
4906.750000;7580.143255
3505.850000;7101.400166
5735.030000;10938.838495
6037.020000;7719.747194
15952.090000;9022.670796
20534.810000;9175.070820
4564.810000;6149.529441
4852.200000;7378.434881
5196.730000;7583.813760
13333.820000;11015.164757
7672.100000;3035.478796
12136.990000;7312.156435
7064.960000;6438.434607
84.550000;3791.124313
3516.170000;6191.058094
3211.970000;1503.451844
5284.420000;5430.376013
8556.310000;9780.695303
12337.810000;10488.223704
9182.640000;6192.642702
3201.490000;5726.524765
310.160000;3452.725004
3884.750000;5227.415812
5123.800000;8761.329921
2080.240000;6097.816727
5639.330000;6045.562839
15123.760000;6425.695688
9935.220000;7451.641811
1164.950000;-179.683919
26921.410000;9594.680826
43455.060000;9789.428561
1542.310000;969.311008
5430.060000;11021.849042
17779.500000;9738.318505
289.590000;918.200951
34969.040000;9811.781286
10845.740000;7267.508306
4575.470000;6298.212032
283.910000;838.414976
21171.380000;12242.565828
3085.710000;1447.069697
589.160000;11430.371099
4205.540000;5670.775477
4237.320000;4589.896731
4060.070000;4081.551716
4084.510000;7264.015160
7672.450000;8290.783003
720.260000;747.096390
3692.760000;6106.490455
4318.710000;4058.400204
4617.160000;6278.907262
6574.760000;7389.905288
4456.250000;6299.320462
6869.670000;6263.254584
4150.830000;6581.971484
6190.560000;8369.958313
3279.400000;6062.179704
2732.120000;7521.614721
4233.690000;5331.526935
11368.930000;9803.077558
9052.200000;9898.639485
20494.980000;7287.895940
5068.830000;9494.134826
4008.500000;6224.632184
5976.960000;6233.164554
6691.570000;4704.670199
25988.530000;3001.900614
6960.000000;5864.342229
4994.550000;6185.531683
10344.260000;9518.305495
3661.180000;6042.885343
4548.190000;4609.350472
2367.590000;6139.592644
9332.030000;6403.107309
7629.820000;10442.935713
16964.930000;10564.681582
1771.030000;5999.528277
5632.190000;4851.234772
8536.960000;11840.574768
8134.870000;6616.007676
5870.020000;9180.809846
4701.860000;5831.219256
5285.810000;6357.758592
38924.040000;10808.133000
4493.110000;9709.816974
2926.590000;3262.840868
1158.010000;3279.058959
800.000000;3472.155425
7013.290000;9488.244487
10526.310000;7014.376231
15017.000000;10444.892906
12602.940000;9240.936701
19001.240000;12969.782478
11175.300000;10181.014631
16952.220000;11742.705390
15975.380000;10500.832885
9509.090000;8098.262417
8204.250000;7889.343562
1618.970000;4222.242223
4350.410000;7990.267065
10770.910000;10317.525987
24695.820000;11307.054594
914.390000;5209.615716
1200.000000;4300.808488
3322.640000;4670.017408
514.400000;-1301.800434
888.380000;97.912575
20495.420000;9423.408054
13273.750000;9451.726374
9352.060000;11482.827188
7084.660000;9554.540974
2059.310000;7267.491097
221.870000;2727.797513
1086.890000;1075.642412
3466.550000;121.283163
26610.580000;10769.889837
8091.980000;6152.400096
3634.070000;7858.825086
5545.440000;10512.815020
3508.930000;2089.747415
12758.500000;6804.477230
3836.120000;5449.753004
2059.130000;7445.311670
4030.000000;3596.168219
625.500000;600.541573
9643.030000;10193.323381
17161.300000;15947.148428
2246.690000;1270.639585
374.280000;3919.936481
19479.270000;11299.903227
4016.410000;12291.705683
5511.730000;10377.005832
978.290000;5291.401201
4212.080000;7818.008348
3236.760000;5228.342000
8340.480000;6881.351802
4924.280000;6276.913372
1723.240000;12299.060820
6618.140000;3586.160034
4933.120000;7663.473391
1943.450000;7589.751073
6660.000000;11971.242636
1959.210000;6585.525701
6814.660000;11607.502186
5405.640000;11030.316172
7740.220000;9444.451033
180.200000;2893.876551
1978.020000;8672.132894
6435.370000;6489.864593
1485.750000;9896.429653
13126.520000;7202.287083
15500.000000;14162.965379
331.600000;1608.765141
5686.440000;6059.385715
3506.740000;10366.086170
6600.000000;6134.366548
3600.000000;6022.732832
10656.110000;5991.604165
2393.340000;4513.036563
8307.960000;9642.290775
8581.790000;9567.246592
14402.260000;9699.363660
30230.770000;9517.594016
18410.420000;13146.871250
14547.570000;12082.074877
9665.340000;9685.419808
9016.190000;8385.184110
3600.000000;7607.336176
4659.910000;6641.484486
850.000000;1902.149612
10847.840000;7665.216395
1007.550000;7951.050641
225.250000;6736.396532
324.030000;682.778702
12367.750000;5070.156872
4195.970000;658.308119
6648.570000;8264.472745
229.620000;591.434088
829.210000;3389.711494
2236.210000;2836.531807
407.780000;3119.031251
600.000000;5914.939336
210.330000;2138.893050
9135.840000;5852.094385
6889.470000;11669.012482
371.810000;1558.057960
12012.490000;7755.059775
1042.630000;6345.900684
1740.000000;3149.134805
9223.420000;6391.095373
10352.510000;9794.688527
9102.110000;7332.235052
7117.610000;7551.374531
8.070000;-1143.274137
2728.170000;6854.459461
2979.180000;5647.444492
11388.350000;11437.636076
3362.940000;4821.135377
182.540000;1400.283791
9013.580000;5459.416429
4924.860000;7105.643392
6108.740000;7214.118996
4677.030000;6308.140350
8980.660000;8174.461491
2696.390000;6459.594164
6615.440000;10339.468399
10350.500000;8214.556996
8831.220000;2741.713857
9197.820000;9969.221571
9392.890000;9469.248772
7412.090000;6208.093475
1500.000000;2731.375244
11225.050000;5972.220199
21928.230000;10700.160454
21433.600000;10056.840986
9031.090000;8006.529700
5453.780000;7551.347766
5755.000000;9293.805614
25740.000000;9291.469778
9664.280000;11087.060140
8249.500000;9800.366678
2136.910000;8354.294022
4679.180000;6498.631940
7841.920000;7859.024985
7073.330000;8016.645858
19513.350000;9683.326686
4805.080000;1235.311925
2282.630000;1327.093003
5321.280000;10467.585593
9281.920000;10754.889372
2993.390000;11063.458987
7392.520000;11287.084351
6849.320000;4679.627900
3756.390000;7925.780329
6798.450000;7803.745843
7315.790000;5726.420241
8268.570000;5872.855808
8678.090000;8413.130775
23133.920000;6027.975891
35048.490000;9235.116467
8378.990000;10569.816902
9600.000000;9046.345537
3560.430000;9598.558660
11253.160000;9548.718348
5435.480000;7124.535040
548.740000;4004.067043
89.680000;2000.501380
1868.010000;5065.580772
8630.330000;9608.487528
5258.810000;9499.224116
4408.690000;7914.260639
4267.400000;5667.254443
4447.810000;7882.102933
4389.120000;4276.638979
1915.450000;3894.153343
5136.710000;6710.935837
2414.590000;6508.129094
8406.800000;8883.201361
11976.720000;11189.528396
31142.940000;9352.511587
6889.470000;9108.471695
29505.510000;9931.673931
5338.790000;9339.325664
6540.870000;6304.454575
7335.400000;10314.203439
436.870000;1137.771230
5215.220000;8093.856025
9537.480000;8881.924662
539.660000;11636.603321
626.940000;2344.722539
3223.000000;8121.522752
4718.460000;9784.687730
26596.610000;14156.077551
8553.000000;11479.782012
3946.800000;6566.628326
9469.490000;7984.657058
5114.460000;11400.538411
5529.390000;9773.253138
141.880000;887.968195
8027.000000;10730.255095
10430.050000;9519.309497
6957.820000;9373.097733
647.010000;2239.995995
9984.550000;7991.601659
21006.980000;15585.217570
9572.890000;10973.096650
300.000000;2559.652425
1595.720000;573.503037
780.000000;3085.660821
6835.540000;8163.793046
4025.870000;7826.712280
1220.090000;8270.758321
3643.340000;6861.872913
13324.050000;8930.997794
10341.660000;9784.776098
21556.500000;7297.666908
5657.790000;6362.728325
12352.620000;10208.960017
16896.680000;10228.434790
6472.000000;7216.497567
5153.060000;9387.742914
5606.880000;7089.265949
9493.450000;9009.094436
11733.910000;7902.880121
6948.450000;10077.936924
3679.160000;9208.800869
20459.540000;9331.065812
7839.760000;7704.325042
7384.330000;3884.234381
4267.350000;-475.001903
28598.440000;13333.227548
3300.000000;11974.275816
9722.060000;11895.458441
3012.700000;6477.875363
10038.180000;7954.877341
6027.140000;6584.491721
9449.290000;7368.059672
10397.420000;9612.439989
3837.260000;7582.968914
3385.000000;8672.587544
5418.710000;9024.833841
6111.330000;8014.436169
5958.400000;1851.688050
2280.000000;6248.971566
584.530000;96.105142
1100.000000;14041.046443
15250.320000;9428.350224
3200.000000;4621.597591
2942.000000;3275.592272
3796.860000;6320.451475
4571.930000;5979.066796
13221.160000;11035.575166
4740.160000;14330.145449
10049.950000;4885.990729
9754.360000;9888.419267
10410.110000;9000.670846
14221.140000;7795.294982
340.520000;-1038.593056
11365.400000;7558.713182
2606.580000;9171.692851
3725.630000;9334.899599
3211.690000;9590.460265
5034.390000;9597.737970
4521.550000;6402.901510
10717.040000;7716.919164
11238.560000;9984.649081
8390.310000;6432.537488
7356.350000;11722.521069
2328.400000;1958.170377
5541.620000;7447.321777
2582.290000;5766.841250
4295.810000;7544.891606
37216.220000;1807.445086
6003.800000;8273.970009
5838.960000;5695.042447
16311.490000;10571.908581
4011.480000;6690.277055
9002.540000;7821.808629
10338.770000;9128.125937
25102.630000;13977.277935
4905.580000;6497.568753
39458.770000;10599.595654
4373.330000;6526.290757
8000.000000;14575.262487
9787.400000;11518.657338
4214.750000;7586.871352
1729.240000;3372.188846
3865.830000;9070.637926
7233.690000;8873.784721
5400.000000;5997.844521
3600.000000;7541.707601
2045.680000;6497.668200
3495.710000;10390.577357
2070.780000;7459.477447
3806.190000;7251.615457
5736.030000;7841.292940
5662.960000;6658.358928
55.030000;6132.427000
3537.040000;13926.532989
260.660000;28.683046
7044.540000;10379.667609
1837.760000;6504.815902
3475.440000;14694.927222
3267.370000;5801.706775
3991.240000;7905.913128
874.650000;8893.352490
6267.320000;6169.464891
6824.920000;6613.731385
9877.150000;9302.929581
1886.920000;1021.767260
12810.380000;10371.653262
3027.770000;6035.684916
6931.390000;7054.772375
8700.000000;7055.031912
8696.050000;5824.039741
8484.410000;8892.674531
5149.990000;6206.325984
5734.070000;9500.818832
5999.620000;8105.963902
9830.000000;5805.622022
8121.250000;5340.272506
14207.780000;7554.855372
3830.290000;8939.246625
8398.890000;8811.875140
5420.150000;6520.609334
1347.540000;6727.756245
5049.340000;6262.957888
4824.250000;8241.051536
3522.970000;7388.931734
6780.900000;7471.238060
47.190000;885.894414
15022.020000;10233.893666
9926.590000;6443.256132
6346.400000;6443.256132
6321.630000;7430.613086
8338.480000;9899.040181
8643.510000;9899.040181
3340.610000;9119.563701
6734.170000;10928.879754
500.000000;2488.291762
3938.630000;6300.076660
4098.630000;5870.281298
13912.570000;10021.523527
6220.750000;4663.414949
3702.240000;5918.805924
4750.730000;7298.368122
3234.990000;3109.597781
5826.320000;11313.022212
7205.430000;7573.351129
7618.450000;11201.797447
54.410000;869.335932
7781.750000;8230.937794
10503.810000;12397.107250
10456.170000;6203.500922
1800.000000;4742.309494
2236.030000;1137.322348
5948.540000;7300.336705
1401.010000;10278.354672
1736.540000;12097.379889
6843.790000;7927.821567
25859.400000;9977.661505
1260.580000;698.748912
2864.740000;3376.111256
4632.070000;10144.195534
8255.540000;7635.108385
4137.220000;3037.652479
7402.020000;7113.199332
3083.690000;1215.184049
9747.720000;10246.605343
2247.180000;6497.522531
1901.510000;2353.798358
4525.550000;8702.598527
3680.880000;5681.105504
5433.280000;8222.818099
4839.880000;10158.437933
3009.000000;11040.056157
8099.060000;8883.320097
10833.380000;3408.460749
5887.540000;8238.843130
1207.090000;187.739541
11836.560000;5347.704302
11836.940000;6762.225314
8003.870000;8108.004640
14040.980000;7948.990663
6512.780000;9930.334215
6935.930000;8980.398844
6961.500000;11511.031459
9502.660000;11467.155604
4589.790000;5228.718669
3600.000000;6231.365320
3600.000000;6444.093598
57.770000;287.050399
9259.740000;13718.931019
7760.310000;9346.595086
9873.050000;5881.937885
6209.400000;6830.632545
5706.160000;8939.303366
3662.200000;7640.730410
3794.020000;10119.130094
85409.440000;10174.014078
3277.400000;4374.170033
9957.280000;7777.805585
3720.000000;6480.882746
6182.670000;7488.302742
12039.330000;7585.676610
6789.280000;5741.892457
3473.090000;9404.583548
12359.060000;11506.064357
8144.630000;7925.991631
15310.990000;11137.537073
87.090000;1506.109084
3530.080000;6327.286774
6226.570000;5924.807883
4460.150000;11578.020685
8280.760000;7291.054541
6580.430000;5902.956582
6281.380000;7322.761111
2468.050000;998.194507
3600.000000;9700.199715
5109.060000;6836.748039
23196.410000;3031.177015
13276.150000;7432.041374
8565.850000;7236.803644
4200.000000;5971.258498
6072.870000;7320.346245
4597.330000;9186.002559
3492.100000;1774.427132
6439.700000;7382.922973
181.100000;-307.650993
6949.610000;7548.335187
4033.750000;6360.052496
4521.480000;6147.832814
13901.760000;10215.419685
3074.660000;1807.026004
5561.860000;9260.986611
8305.800000;6066.036853
9507.320000;10611.075613
1278.610000;-27.433419
6218.450000;6767.923693
6065.410000;6987.101589
606.930000;-2032.430488
4459.880000;6684.933548
3856.460000;6924.428642
2606.580000;4225.775125
5762.620000;6520.704088
11394.870000;11555.096936
7827.840000;9645.595694
15458.890000;9851.127674
8218.480000;9946.755493
1140.210000;1034.478997
12332.810000;11098.280914
3799.660000;7271.767777
10790.820000;10214.862604
65.160000;887.187733
13863.200000;10126.329522
15768.920000;10657.560235
231.000000;4217.961249
768.450000;4148.847541
3505.850000;5914.507294
4783.230000;7568.978162
127.830000;2469.655220
439.530000;837.484832
3532.870000;9503.370084
7588.920000;1131.431858
5025.070000;-1109.847549
3302.130000;12187.251948
4878.260000;1169.236340
383.350000;5489.351431
2207.560000;851.232452
2657.920000;10088.839043
2187.200000;11632.663254
375.860000;7047.471611
3339.720000;6947.183393
1681.060000;989.155545
915.200000;-997.336379
2168.020000;6107.028321
5725.100000;5344.270238
19.270000;6812.946384
1899.170000;1644.193505
2308.690000;1967.780163
1962.490000;13006.702377
1950.600000;2627.932442
3333.150000;2962.102205
2969.860000;1422.111841
5603.780000;1099.693262
957.680000;558.185970
5779.890000;5598.721502
52.490000;5339.580087
108.430000;5488.149339
3736.210000;7165.353729
2522.570000;3678.763859
573.620000;-953.897964
270.640000;1.265215
20732.110000;11933.668707
5564.820000;11762.832058
2912.060000;1785.360241
12409.780000;11894.925560
7331.780000;10328.055509
7200.000000;5868.190114
4375.270000;9306.430231
3910.830000;6757.772292
3546.150000;3447.179099
2322.980000;2118.144711
7811.680000;3010.398687
10059.270000;11287.787085
13688.160000;9108.124039
6320.970000;9731.527754
4691.210000;3985.281548
2050.530000;5849.027014
1667.270000;2053.791288
3409.760000;5412.605239
265.670000;688.713260
10846.270000;14671.588249
4442.620000;6989.596592
3533.910000;8062.963382
4692.680000;8083.612476
777.350000;2769.057955
13545.510000;10131.227660
1976.250000;5180.238439
7195.320000;8209.249792
8461.510000;9156.556373
1297.530000;2692.662051
5612.100000;4236.873913
9346.190000;10976.990743
16592.740000;10187.150540
6319.870000;12238.051382
1000.300000;12722.410151
4200.990000;6836.410351
1166.840000;1639.483083
8726.690000;8162.106395
4653.170000;4749.906503
4777.730000;6761.021014
3828.410000;8294.344510
25593.000000;7219.157222
341.110000;8974.804008
8770.910000;10780.037944
1593.820000;1871.786847
19512.810000;11572.539399
11570.590000;10786.217294
6347.720000;7925.600981
4254.780000;10486.980645
9440.510000;4111.584923
1936.180000;2889.555235
3757.760000;4755.988805
1267.630000;5978.060164
1477.840000;577.937903
3925.430000;7890.957976
32074.100000;7077.244711
3041.010000;7931.482186
13142.250000;10296.027461
9201.070000;8457.690247
7596.720000;9930.289585
7734.940000;10172.362424
4596.120000;10912.690912
38292.090000;10792.065062
7837.070000;9878.001907
583.410000;8217.129456
12892.580000;12141.513690
8955.970000;10230.023021
812.260000;1479.108507
7421.040000;11468.972302
6948.900000;12435.897491
5360.140000;902.801672
10859.950000;6716.621736
7117.640000;5921.313297
5255.430000;6492.316154
13354.090000;6890.859428
20309.520000;10417.120071
4471.800000;7270.526953
28.960000;-84.010924
5438.170000;6453.061301
6907.160000;10096.591693
632.300000;3840.906020
12850.150000;13131.290420
7662.400000;11961.202816
11742.740000;11422.449309
4423.540000;11335.471309
2879.350000;4590.394279
8897.300000;10046.790070
5199.040000;3312.407525
8237.870000;7758.402262
4326.490000;8805.521869
14588.550000;11399.406554
7812.610000;11160.552507
6369.090000;7856.339039
3560.520000;9076.782444
1587.580000;3265.089767
3600.000000;8077.151272
8181.910000;7751.946255
7585.260000;7658.489626
5361.490000;5542.263159
301.680000;6389.633512
4967.350000;7749.134721
9823.530000;8792.588513
8612.630000;7870.110985
2947.360000;4391.339041
4988.700000;3575.947792
14770.040000;9333.643146
7237.560000;9193.172037
880.270000;555.041235
16824.030000;6851.254454
14801.320000;15467.044157
5157.370000;7697.600561
4309.300000;9970.108257
3721.470000;9112.095017
7262.090000;6323.646988
16789.950000;7831.546449
10921.910000;9027.819230
7142.600000;6565.303088
673.860000;-1288.431669
3342.800000;5762.561437
10761.210000;11539.803164
631.420000;2056.824101
263.740000;2065.335489
5320.000000;11102.111089
7623.310000;9183.031781
1150.590000;3096.286799
3788.570000;7840.462797
2102.190000;-669.699347
640.810000;1328.255508
4250.560000;6310.218857
1890.000000;6365.695707
3600.000000;6433.482648
12749.760000;10037.615665
5438.600000;7593.603717
4388.040000;7772.511154
9792.460000;982.048083
7684.440000;5471.350563
5166.310000;9993.316373
4902.040000;10012.531609
683.930000;6538.281618
3505.850000;12840.339229
17000.000000;14168.284834
3600.000000;6209.728693
5902.760000;8649.943590
12675.100000;7155.225287
4101.210000;5901.081419
7615.070000;9056.045633
12297.540000;7680.727980
3600.000000;7652.438741
6587.230000;4061.034438
3024.910000;5267.552485
3075.550000;11462.772928
900.000000;-1043.320404
900.000000;-312.361890
3049.730000;11334.445083
3827.200000;1056.968812
13410.030000;11422.196792
1931.500000;1105.770975
4163.730000;6392.615230
7660.090000;6446.058345
3694.550000;7053.249161
5255.140000;4055.972342
4834.290000;5681.718763
24411.150000;15103.212256
32017.870000;20480.169956
1749.660000;5670.842481
3788.160000;7468.677564
7830.990000;9966.539955
13901.510000;8107.874897
9338.750000;10231.375898
7456.340000;7587.022908
3688.860000;7602.320906
10199.120000;9295.650434
3368.110000;577.927425
484.810000;1329.585687
3600.000000;5977.279040
4290.390000;5987.160735
6435.650000;6408.259687
4014.130000;6320.248440
6997.750000;5851.356996
8145.100000;10654.248734
5233.590000;6500.970755
7620.340000;6656.092869
9050.820000;6382.183695
3787.060000;7464.913106
2461.640000;883.976693
4498.700000;7678.543050
9064.320000;5711.715341
7318.630000;7565.778832
281.130000;7452.958288
14056.910000;6378.873468
7951.800000;7506.776421
348.300000;4563.534021
50.000000;1624.442945
11441.440000;6367.120001
5870.240000;6353.762807
4431.190000;7521.844741
1390.180000;945.575098
4626.680000;9755.320962
880.790000;5019.524677
850.000000;3511.318903
6636.160000;7206.989142
9688.920000;9240.011271
21992.160000;12391.037671
699.520000;-1019.339416
12146.660000;5445.147985
1230.890000;580.267928
4800.000000;7534.950475
6189.450000;7511.328006
2494.340000;-96.115718
11981.210000;7374.681606
3529.070000;7129.913120
8936.470000;9671.900613
8327.930000;7329.121610
5510.220000;8938.391740
4616.390000;7309.007172
10527.060000;6616.746846
5529.350000;5601.313827
13288.310000;5930.086791
12704.910000;7377.666942
8953.330000;9765.100411
440.220000;923.172248
5715.200000;6275.645013
8045.040000;6056.265740
52.130000;-1004.223105
13713.860000;10842.309030
15256.540000;6234.248221
5279.760000;6200.972744
4793.840000;6122.095430
4478.700000;6795.691983
11213.650000;6286.982781
7685.590000;7808.002906
1523.290000;2864.527294
7016.700000;6167.724566
1200.000000;4397.886730
18000.000000;5178.660752
13157.900000;6239.906636
13157.900000;6834.463370
2812.050000;-1549.841800
11120.760000;9694.604134
1589.790000;6153.476175
407.020000;-2224.771056
13375.250000;11238.130112
3500.000000;13790.417446
22313.420000;9512.130343
8958.700000;6322.475516
7523.080000;7556.826339
44201.470000;11662.082576
5368.300000;5832.655775
16437.730000;12467.391529
18693.900000;11155.660687
1650.830000;13077.784403
4552.950000;9570.114884
24968.740000;10747.755425
14705.640000;11339.882569
7384.930000;9573.349473
1046.680000;6783.570481
4461.850000;6708.592073
1687.750000;3564.784405
3890.300000;5916.560157
6410.640000;6043.780488
6925.620000;5669.876075
3698.580000;3946.918679
1680.000000;1275.926273
19027.170000;11093.144236
9472.520000;7917.689849
3092.540000;1623.054629
3268.320000;935.906287
9779.470000;8093.107043
6222.080000;6024.757772
12644.510000;10411.837394
4775.410000;11466.861663
15804.770000;11179.205454
11642.210000;7924.293449
5227.030000;10153.592893
9708.880000;9135.114695
3491.200000;6668.348318
1387.160000;107.001987
18799.640000;11194.569679
2191.330000;7003.077257
10979.080000;6367.891305
2056.310000;830.994293
12164.040000;4814.285693
3956.740000;7823.842742
5979.880000;10314.978722
9152.190000;9449.129764
2702.510000;729.320492
8641.950000;7761.849155
5256.890000;7811.429930
986.220000;5539.129483
17257.080000;9833.934951
9774.860000;9831.599115
9363.110000;7302.027566
4205.320000;9726.564741
5195.160000;3958.221538
6089.500000;9396.821753
5897.790000;7413.019861
6453.550000;9131.335653
6843.080000;3687.300480
2128.490000;9892.883129
6834.080000;5877.100103
7248.150000;6322.551379
4551.040000;8738.723908
3649.210000;6329.875070
6966.250000;10157.757269
27795.200000;10984.534062
22469.660000;11042.958382
1990.210000;10229.263614
9719.020000;7553.029336
4446.990000;6659.054123
3559.570000;7702.541456
765.320000;2852.354306
3600.000000;6494.216390
4086.680000;10648.767122
17059.290000;11286.869136
4725.810000;5968.684553
8204.910000;6018.005790
15561.560000;5714.884027
15539.740000;10890.961021
8487.310000;2001.854838
27805.000000;8032.274623
6371.640000;4162.905804
14120.130000;11313.032507
18289.940000;15600.512823
4432.790000;11038.099898
74.940000;1056.880339
11404.730000;11604.598415
23613.090000;9271.945134
5567.020000;7791.327912
11934.520000;10918.136750
1857.930000;10716.675025
5587.180000;9105.147617
10877.740000;10317.854475
20093.560000;10279.424003
2528.450000;-102.710759
2044.190000;-804.485908
16155.940000;12000.027676
9164.140000;9488.747862
2930.340000;8759.675513
3976.850000;8163.241522
27455.980000;11501.222513
4550.000000;14601.264520
14951.320000;10389.415873
10222.200000;11622.238614
12297.670000;10449.940732
9615.220000;11452.135037
1749.430000;11196.396688
3980.060000;14530.021064
9262.760000;10619.168300
2092.720000;-736.746195
5816.350000;10618.908763
1474.210000;616.678381
7302.920000;11399.062408
11145.060000;6540.237983
11191.430000;11773.755707
1158.480000;5527.988251
1595.240000;1025.848808
6904.400000;5889.138829
4225.560000;5973.272349
12861.250000;9974.186229
29708.940000;11213.203823
3761.010000;4209.371255
11737.660000;5727.746477
9031.180000;9312.652619
10450.510000;10924.312586
6850.050000;9168.771998
190.540000;1887.033413
11057.930000;7362.035038
13262.890000;10862.465661
2964.210000;6128.884230
22265.750000;9821.117941
1516.490000;794.670190
352.610000;1528.856140
753.010000;9751.219521
331.040000;891.259493
10725.080000;5978.490585
9197.110000;8951.812473
4251.870000;9438.795947
10610.410000;6680.794094
7868.070000;7702.223351
6331.650000;9194.397548
14473.690000;11411.363234
1750.610000;5065.689554
8007.380000;11744.250173
2869.510000;12113.782421
10475.320000;15711.896607
3785.390000;4370.861428
18655.730000;9808.937781
8591.660000;10099.776408
747.270000;-1082.207025
15840.500000;9408.101160
3493.900000;5973.391992
8369.320000;7465.206730
8735.100000;10579.243259
1030.740000;2938.806165
3844.770000;10485.405120
11923.610000;9002.072352
2171.830000;6700.723234
7890.650000;11293.850920
8029.140000;11103.840945
13721.050000;10628.960984
2122.490000;9669.955825
11287.910000;10418.498965
2306.260000;5950.677720
127.430000;5722.726060
12574.250000;10260.742345
24399.410000;9037.144722
35284.330000;10421.697298
363.370000;1026.526864
10072.940000;14051.470918
20161.850000;15869.548481
18004.800000;6015.677117
2594.340000;3434.903264
31932.420000;11572.658450
6889.470000;4768.498254
12842.130000;9742.960473
3712.150000;7452.295466
5038.590000;7043.693415
17793.250000;11506.489178
5041.480000;9978.010192
6230.130000;9305.650385
4921.990000;11003.395706
10062.810000;9935.634645
257.630000;-1232.938222
7858.150000;7471.475555
6183.490000;8055.956008
4504.300000;8265.632421
8547.750000;12448.976690
3675.000000;15674.414761
15219.900000;10364.073699
2375.500000;-499.152555
848.050000;3429.750030
208.960000;925.639300
5905.000000;6571.816220
4627.780000;6287.032893
7996.810000;10887.854134
4747.250000;9605.669983
10247.780000;9338.301376
26782.900000;10489.307723
1783.020000;748.750269
16151.920000;12804.541674
6722.110000;11725.273342
938.090000;1526.955245
1673.330000;1918.745058
359.180000;2127.414081
7764.020000;10387.736998
5010.850000;10527.535740
5070.000000;9530.714235
14549.570000;9447.888834
5412.390000;6097.737266
12838.170000;6117.212039
5039.770000;10527.475443
9715.030000;10966.799630
401.340000;-1486.301123
13218.520000;10545.706654
4549.000000;11807.900590
1350.000000;6275.011425
7534.370000;13347.886069
5741.220000;8203.279962
3210.370000;2358.244177
29068.350000;14832.341656
11179.710000;9313.176151
7350.480000;7941.093197
11884.190000;10270.601756
9987.480000;11642.013930
35731.740000;10701.146208
11125.380000;9429.219829
17627.950000;13976.224144
28301.730000;16162.640271
706.580000;-1077.882856
11061.190000;6092.563047
7902.290000;11102.914995
2623.660000;1071.190992
4525.450000;6343.865130
10129.570000;9090.691181
2310.310000;5017.131444
1031.480000;6091.997727
6310.570000;14319.296118
5343.460000;6035.583343
6156.040000;9197.415225
8000.000000;15684.260533
3277.630000;4480.136641
7014.190000;6764.552444
8569.210000;6122.244732
9544.600000;9391.118185
5510.400000;6599.602175
7659.350000;10442.410954
4443.390000;10220.364157
4576.650000;11517.806071
7150.540000;10354.710337
86.890000;10432.839889
8342.770000;11316.303168
5708.930000;8188.386488
10913.100000;15574.084010
7725.590000;11218.840931
2136.570000;7210.162176
685.320000;1068.492426
5802.000000;7597.517131
5293.620000;7445.636181
12310.980000;9903.772821
19879.350000;7659.924910
4924.140000;8801.690609
5364.840000;1646.774963
3311.260000;3774.439677
1683.850000;2736.512688
6003.200000;10570.343477
15952.680000;11873.749848
6878.740000;11213.746756
17770.820000;11169.870901
3047.890000;2020.058959
8034.130000;5776.391607
812.120000;819.071029
39349.040000;15336.645940
11787.870000;12352.048018
8868.610000;11445.988920
7624.270000;10641.109668
3295.900000;6267.620577
4887.820000;842.876356
7103.880000;10979.125656
6209.940000;6824.899850
13057.630000;9831.828644
6160.520000;11002.904466
3987.850000;11331.394078
6805.260000;9508.523949
634.370000;-1063.534183
3495.500000;5835.970629
9007.760000;10325.697661
21056.470000;9692.848794
5281.000000;9815.414389
82.900000;-1023.663705
7597.500000;11381.542320
2887.760000;4025.264497
12236.520000;11614.807224
11724.780000;11493.810888
9767.950000;9356.832931
8820.490000;11534.921081
269.210000;2416.565307
1241.280000;8547.113079
12634.200000;7724.848877
5028.480000;9379.926007
10739.040000;6464.340710
5731.520000;7602.122716
10031.300000;5984.808850
6325.190000;6563.569772
28565.890000;12751.057857
1009.550000;6525.257733
4900.000000;12254.608537
3311.240000;5931.615024
12957.800000;11092.022666
9840.930000;8048.738189
310.600000;2213.588924
8675.900000;4922.012438
1329.400000;6318.434121
451.810000;6557.743912
17759.290000;12026.700502
4540.750000;6132.158971
748.380000;5607.118699
673.080000;819.827078
618.020000;6128.141770
4691.840000;5920.883327
8805.400000;8220.629974
1498.260000;1755.306008
2371.610000;6460.336744
4073.530000;10180.225366
4052.380000;6530.801226
2489.560000;4113.461007
7655.910000;8150.050825
7759.560000;8137.085814
9930.440000;7973.994673
79.740000;1757.568434
19425.180000;10055.264839
11950.920000;9366.908567
7561.140000;9633.766382
3710.000000;13874.098015
19722.430000;9282.699538
4232.330000;6743.801697
4594.500000;6539.230427
17381.480000;10155.208457
12096.300000;9179.827501
5653.230000;6150.401795
12239.780000;9793.388823
6258.450000;6267.685614
5815.740000;9042.861604
14512.410000;6392.024810
1919.580000;5533.041875
1752.930000;6386.782340
742.010000;921.688243
53653.900000;10615.693777
14981.910000;9260.346617
4560.410000;7448.148080
9659.910000;10220.198620
1111.190000;7041.332736
1296.340000;3282.916073
13812.000000;10450.396243
4428.540000;4927.316884
8369.910000;6054.775395
434.430000;7216.214899
708.230000;-1068.014037
13902.500000;9884.982197
4145.200000;5881.565991
3519.300000;6617.059340
9124.540000;10258.208543
4323.370000;10305.360589
4126.780000;6861.500703
4685.690000;8167.140939
5098.920000;1794.472665
6223.130000;9309.842401
4540.110000;8967.240560
15742.350000;11240.098906
26618.020000;10427.925082
2751.590000;1917.855166
4199.910000;5810.881853
8151.080000;6708.194401
24619.420000;12887.010770
682.510000;3025.857992
4748.490000;2946.902908
3170.550000;3856.713464
21464.480000;5631.412442
10104.260000;13404.828613
14437.600000;10107.005178
930.990000;295.214723
6829.880000;6457.343410
9404.300000;6388.547399
4180.310000;5860.383896
11234.270000;6523.016189
1546.970000;3236.371494
7850.580000;9655.002764
11410.720000;9632.158907
7385.560000;9523.864894
6340.650000;6866.672764
4058.650000;5882.934333
15224.460000;13257.069959
7007.210000;9126.530151
6182.060000;6445.908616
9301.630000;6410.028485
1925.780000;5858.060761
8933.540000;9598.654101
6280.550000;9054.650901
4391.020000;3370.397203
105.570000;9304.392989
14644.680000;10865.220104
17326.080000;4868.044164
10189.710000;9495.177848
12086.080000;6251.539603
3673.140000;6824.693284
1530.880000;7593.055766
7847.230000;6363.958351
2973.220000;10816.888062
4984.200000;6231.258659
11339.730000;9606.897680
10877.300000;10293.457816
4120.320000;10225.959493
1611.130000;7587.209898
7252.230000;6765.479980
102.780000;10298.319701
4760.230000;6140.116846
2577.250000;1221.513441
7809.410000;8014.927181
2204.820000;7603.353392
4542.600000;7964.444389
11787.970000;10035.866863
9082.560000;6991.475520
6033.140000;6744.037465
3893.970000;8841.079280
1497.700000;6794.576206
4404.450000;5969.334558
9668.450000;7667.264313
8141.060000;9571.863250
9314.250000;5139.996375
3804.100000;12339.993271
512.760000;-1002.566246
121.440000;-1026.967327
11043.330000;7800.688044
11312.260000;11492.861742
5998.650000;6114.427888
1160.000000;1296.226636
5085.420000;10488.103986
7446.630000;10962.802552
3465.080000;7645.632961
100.740000;1234.579202
359.850000;3774.869538
13937.190000;11090.662549
14634.200000;9890.330062
3902.800000;5076.311761
3273.850000;10188.650543
9382.000000;10942.514978
6305.330000;6609.712583
628.940000;3198.258448
15766.350000;9992.841093
10326.830000;10031.012028
4828.770000;6902.075727
4638.450000;6872.748338
7543.560000;9936.535932
3498.660000;7619.974772
3937.440000;6954.053136
8741.560000;9734.943726
8868.160000;7959.813269
421.030000;3163.338231
7563.290000;8909.646281
695.000000;896.682635
14551.660000;9741.109904
8540.300000;9557.202566
13329.910000;12138.519197
2396.290000;4681.355566
9185.630000;5738.650501
2780.350000;5954.233863
7298.570000;10109.623788
5299.450000;6124.810974
5202.390000;7856.932331
9072.290000;8044.940957
4360.760000;7936.926875
11891.080000;8991.459939
3852.500000;8098.614656
2386.010000;7069.873252
3662.050000;7641.512690
3702.860000;9263.364126
3600.000000;6586.454860
5196.130000;6882.400702
3781.260000;6334.005907
9728.730000;12054.032481
296.070000;1270.291691
6723.030000;7588.817110
248.720000;-281.362667
6162.750000;9770.943584
1191.650000;864.112471
10015.060000;10626.697636
8227.650000;10524.309177
2006.920000;4120.435471
7513.300000;8002.600963
5601.540000;8065.980672
14813.940000;3998.658555
3600.000000;6612.921688
6199.040000;8338.938959
9944.740000;8099.962008
3600.000000;7978.187060
7545.640000;9296.234789
10360.000000;2780.640332
5747.910000;6709.640382
4297.650000;4876.046109
1948.890000;7117.021802
7718.280000;6666.544394
895.640000;5461.891290
16922.950000;11547.644782
3483.560000;7782.104495
3963.680000;7504.300901
970.000000;11703.824182
4898.400000;4274.689561
7269.320000;12253.960410
21098.760000;13064.845781
5420.590000;9445.778835
8118.480000;6266.965844
4111.740000;7481.063281
9634.080000;6391.615139
2306.000000;5518.234561
6924.090000;7611.417496
3600.000000;7844.746786
3505.850000;6582.562770
876.460000;2794.266151
3713.220000;6040.887302
5948.180000;10186.911821
4593.200000;2069.935898
4224.710000;8099.011784
4842.790000;5894.494931
2944.830000;5567.012890
9968.010000;7167.932866
2500.000000;3297.062960
1083.180000;434.771297
5533.020000;6404.284736
24611.000000;7969.891416
3420.000000;10433.340863
292.300000;399.516998
5592.860000;6008.808746
19676.960000;10752.411852
7703.890000;10874.417258
3996.700000;6668.137804
5287.530000;9381.795515
4531.850000;6069.247584
21403.610000;10371.391250
2707.590000;10217.275055
4031.820000;9534.648097
7692.820000;11521.413406
5855.470000;4080.733472
193.450000;2192.841366
9643.410000;7350.699262
5189.370000;7210.698761
13443.540000;10826.122637
1103.750000;856.182231
1409.670000;2327.599415
3875.470000;3271.150951
5466.080000;7787.059759
4559.380000;9220.369825
10004.170000;5821.367872
9966.500000;6157.362583
3201.780000;4050.486373
190.590000;2839.216671
11533.550000;5973.683329
2587.330000;1945.826781
13553.700000;6359.588592
2570.020000;6242.974540
15974.270000;9765.020048
5085.530000;9844.099101
4108.930000;7542.086408
4057.390000;7498.971176
8278.970000;7468.062385
12941.040000;9848.797777
3306.000000;15492.149230
16975.500000;11569.804859
24870.730000;10768.065104
4601.820000;7689.406353
7658.100000;6847.898733
4998.170000;5556.969431
29485.290000;9663.625576
3487.760000;6017.440203
6691.500000;6061.992780
11016.240000;7294.041542
4062.650000;6045.661328
9088.430000;7680.037669
10798.190000;11071.193867
1452.730000;1159.525104
3200.000000;2686.866453
12125.720000;10857.153494
365.760000;820.862204
1147.090000;2910.023672
10240.320000;6372.922155
8208.010000;7421.628327
2340.700000;13221.349635
3150.020000;8377.922046
14910.400000;11243.676958
4574.140000;8501.703638
11568.120000;11394.592162
12808.800000;11177.354160
3430.790000;7080.218146
5206.360000;13061.017293
397.850000;-1304.993640
605.210000;-1480.497059
3824.870000;7691.394968
9129.690000;6651.447529
831.380000;180.248740
1411.760000;3700.008299
7382.600000;10273.140906
3600.000000;10267.435986
15851.720000;11444.377914
22547.060000;11400.502059
9106.390000;8446.539964
9301.790000;8682.804124
3645.390000;6807.558116
17989.850000;11412.597476
4127.980000;907.189242
7239.930000;7499.869312
10029.850000;8354.346824
7446.580000;8103.103280
6230.220000;10517.019032
8218.840000;10659.704565
1752.870000;5934.399996
6907.750000;8383.835793
216.810000;3114.454814
4914.540000;6909.058441
2630.930000;3153.506833
150.000000;928.968389
322.910000;1267.595991
1088.000000;1015.548009
7489.780000;6532.970247
489.370000;5861.370386
3560.030000;6420.817457
800.000000;11737.321861
29439.810000;10381.945622
7407.650000;7880.784368
8649.140000;6811.046198
958.320000;1054.769913
6102.060000;9964.160083
7474.620000;6269.244175
1373.240000;-277.614090
3327.780000;1763.522065
14400.000000;12599.296622
3244.030000;3529.177400
12172.520000;6071.910507
5410.760000;7388.117897
4195.940000;2505.355320
4770.590000;6008.212913
4151.840000;6338.570023
9296.550000;6199.341679
6849.920000;9674.430867
3554.510000;6166.502979
3637.880000;6354.292317
4491.450000;6498.392048
4814.340000;6136.377166
3830.180000;7393.967725
289.620000;2505.182680
11984.590000;9358.010804
14402.920000;10002.379250
6612.090000;6936.526115
2056.940000;2500.815493
7784.110000;6024.109498
5661.730000;8100.782671
8400.000000;6130.486651
4759.640000;6344.148050
3124.740000;5809.410392
11877.260000;12376.849540
4019.630000;7232.613004
274.100000;1268.222087
10417.570000;3851.104296
8815.230000;8878.443204
599.460000;898.587178
1968.730000;2393.172889
5066.330000;9109.609076
3454.800000;6084.889652
4306.250000;7927.625224
9644.560000;7676.027395
9943.760000;6467.845012
7308.720000;6324.778528
5649.660000;9336.725348
7456.830000;9253.640409
4860.170000;13403.867523
933.900000;5932.914246
6397.710000;11833.903148
4025.590000;7385.443000
5208.000000;8449.594563
5616.040000;9340.135902
4392.940000;6716.680351
5107.310000;6775.104671
10503.870000;7851.430006
10217.090000;9036.062490
3436.290000;6296.176577
10605.900000;9788.578404
3791.490000;7323.559017
10156.190000;6197.472826
3890.880000;9700.126218
400.920000;775.819859
4340.790000;6540.450535
8308.950000;8236.433314
5040.000000;9590.178310
4254.980000;14249.849608
5965.050000;4934.556258
4239.050000;8669.840850
4259.650000;6407.724208
1275.390000;3783.050800
7757.180000;10119.851591
4191.250000;10832.034106
7348.260000;7244.532590
5116.830000;7412.703053
6589.620000;6364.515956
2327.800000;3470.424410
3996.140000;5634.435799
3008.340000;4902.772361
7305.420000;7916.050120
4860.000000;7381.555770
6165.850000;6112.922170
7493.080000;12450.293573
2163.100000;3210.896152
5988.890000;6570.141215
2818.000000;15824.244556
1828.020000;1543.848276
10612.300000;11511.460986
10024.260000;10916.667587
6.530000;2274.464266
5346.370000;10546.460010
489.120000;5659.660044
4303.190000;10957.901228
4573.100000;12227.757441
4301.960000;6566.836799
6826.480000;8836.464916
1277.610000;2999.053563
4158.360000;6312.997640
6020.290000;10065.955395
7185.860000;6776.983851
5346.240000;6538.388205
7770.280000;6635.762072
9967.750000;7469.178690
1193.520000;3433.200853
10739.980000;10121.115916
9977.340000;1889.290681
7253.380000;9906.596168
9662.980000;10076.315569
6386.860000;6170.737278
4106.670000;3489.043829
4337.920000;10178.552738
8262.280000;5853.051414
3514.080000;7043.007308
4725.810000;6761.855836
607.550000;1733.190190
10999.610000;7697.908300
4245.660000;7614.768696
3548.530000;6543.305051
2432.590000;4057.652839
332.010000;3336.511144
317.870000;-874.178253
6040.630000;7314.941874
3500.920000;9231.843529
2550.510000;1109.724799
23012.630000;7311.578631
3600.000000;6156.135971
1563.200000;3108.565484
1764.470000;1714.425811
3387.570000;7716.922736
12731.420000;6785.323775
14494.580000;10615.852313
12743.280000;10799.267371
4289.020000;12136.258244
3491.000000;11626.382581
6389.290000;9199.088290
6763.120000;5060.675404
13959.680000;13924.956199
4838.700000;7506.672409
5937.500000;7759.814576
5121.010000;4648.790458
9386.000000;6308.858247
3566.730000;5948.321998
1482.850000;1555.394795
971.550000;-2300.886021
10554.190000;6110.859897
3342.240000;5279.056906
2550.510000;356.188160
15197.710000;9603.171412
10086.960000;9607.059571
354.650000;921.050054
13871.560000;7516.717699
6000.000000;9540.667261
6272.140000;6160.161401
4075.850000;6251.207676
10329.550000;9777.240095
5315.630000;12317.525540
8533.170000;7649.614305
6501.900000;6303.629765
6547.040000;10172.648589
4452.300000;3427.212094
7064.350000;6544.614355
43013.480000;7445.681689
5946.060000;6016.612211
8760.440000;10021.517322
6667.310000;10178.013651
10821.020000;7853.825842
10908.050000;9956.453111
13492.970000;9828.179391
14435.830000;11005.398678
15769.420000;9918.952962
6488.920000;9894.811418
9709.900000;7226.088922
1247.500000;2202.383212
44355.020000;15794.993169
2676.090000;11676.424206
10664.800000;7844.501468
5802.530000;7840.540177
13135.550000;9399.512584
5107.160000;5897.577394
4584.470000;11355.709774
7134.830000;1802.142391
10140.860000;7867.314775
5207.140000;6272.525902
762.360000;9205.096815
392.200000;3851.588276
4385.480000;6366.050545
3456.890000;11427.141885
3727.000000;6623.876386
7782.640000;7496.976221
6336.020000;7472.315602
2782.850000;9895.249962
7419.010000;12713.897965
5292.970000;6091.298953
1096.570000;6931.207629
3503.170000;6413.904787
8464.640000;6501.656497
24301.870000;9818.113131
2416.110000;7700.644533
4977.240000;6211.566556
20583.800000;852.251311
13796.030000;10793.934647
5065.400000;10494.497660
1641.380000;1963.376417
68.780000;3186.236395
674.540000;4672.434811
644.180000;1872.642501
2458.050000;-3034.914779
27345.620000;12791.423194
3600.000000;5868.511179
3105.490000;4011.411891
1988.730000;4553.317817
10248.620000;6137.082310
16992.000000;10989.883676
808.170000;-1035.299788
3704.310000;7810.518829
580.000000;2044.200270
3785.370000;5055.739996
6449.000000;7836.824657
3734.040000;11269.183604
459.240000;1518.950293
926.730000;7085.704972
4403.990000;10317.229484
37795.370000;12801.103075
9184.250000;7628.456152
1957.820000;9357.884675
33425.770000;12624.928932
5545.000000;13884.660271
7691.490000;6549.209918
2161.230000;4597.650243
3100.630000;9418.212739
3862.390000;9154.537054
1752.930000;5220.421234
5922.780000;9190.015976
3191.210000;6324.126718
4480.100000;6226.262855
2078.110000;2024.633332
1858.960000;3811.705665
6426.670000;6705.706849
1194.810000;1374.413988
1228.800000;4530.204917
6723.030000;6851.271640
11551.310000;11726.225820
9412.150000;7833.357033
4673.670000;7701.700389
6406.970000;7650.036728
6544.360000;9905.779394
1202.680000;874.641197
2937.830000;5932.113718
3861.180000;6493.241602
4713.530000;10055.664608
3999.890000;9825.908401
3915.150000;5789.087446
8159.590000;5195.695009
2933.240000;2798.256598
7782.430000;-630.119669
9638.990000;6256.102999
3832.060000;6182.121143
623.190000;1040.106823
8689.720000;4449.791227
9955.980000;-862.050501
70.460000;-1403.269948
1227.430000;3113.610812
5577.870000;7643.867895
4054.680000;9912.454947
3431.520000;6051.501604
5535.420000;4799.843992
5238.090000;9468.102508
10007.740000;7273.575835
3224.300000;2647.260823
34037.930000;7724.552597
5581.410000;7744.027371
345.000000;10470.462245
4246.700000;6309.597541
82370.880000;11698.972711
13309.390000;8995.253654
4486.530000;6330.175540
3701.240000;9127.344478
7346.670000;10471.269795
2814.850000;-952.774589
7101.690000;9074.133478
5655.180000;6460.732555
11207.470000;10160.222395
5741.180000;8883.929548
87437.300000;11933.325907
2855.650000;8205.101090
907.060000;5021.172668
6960.000000;5901.446313
3959.860000;7453.387049
3887.820000;4578.808176
4851.520000;7841.974070
6641.880000;7910.251006
830.270000;1515.258889
3016.710000;4756.261794
5970.520000;10517.672676
12154.870000;11207.375755
15591.290000;14199.908676
11969.340000;9130.861160
2340.420000;3192.962589
7800.000000;8175.196101
3972.500000;11291.709237
2320.000000;8064.738345
3710.920000;7817.079831
8715.380000;6728.130338
5838.990000;8270.627420
3795.470000;7305.733784
2474.090000;5714.574515
3945.280000;5921.386498
4855.410000;8182.750831
3176.600000;10626.688456
6393.820000;5805.854778
5777.890000;10134.273894
2760.000000;6123.283031
300.000000;-2959.747331
3803.430000;6952.056985
7828.120000;11259.428856
6075.830000;7805.404062
4040.510000;6063.429952
7136.850000;4047.312047
2359.320000;1373.459650
1939.960000;38.500230
5475.140000;6679.310900
10708.770000;6149.381221
8634.570000;11817.357086
6071.590000;7014.887722
1176.630000;-1532.136456
9232.920000;5870.148332
3627.450000;9888.430081
4694.730000;9945.662958
3120.000000;10913.220199
16386.800000;11909.773025
9541.560000;8969.475857
3593.810000;8773.666396
4476.480000;10186.723085
6147.250000;5435.560343
16309.860000;6607.203324
15926.570000;6699.881341
1700.000000;4834.768967
4778.650000;6918.188511
1607.940000;1559.909606
10788.830000;6447.065803
10365.810000;7592.285633
9153.290000;9893.779252
12451.510000;14055.812907
10739.030000;8419.055595
3164.530000;1875.655132
16442.080000;9917.995703
15848.960000;3984.893996
4800.000000;4107.455360
6255.790000;8511.724968
3658.350000;6765.799375
11338.590000;6526.221534
1365.490000;864.953567
6251.070000;4400.446311
3311.060000;1286.167683
6512.970000;6629.049330
4308.690000;6628.471996
2843.040000;6948.875018
3857.850000;7858.743435
5425.610000;10774.645731
8196.250000;11908.097121
4512.000000;6033.020100
7473.630000;7884.533237
8253.190000;9293.418645
557.700000;401.514976
144.810000;364.740838
5969.480000;7060.459871
5075.940000;9595.073459
2207.680000;9419.570040
16765.530000;10458.915936
8057.750000;8171.192170
269.350000;11550.428093
10383.670000;10477.014975
3057.250000;4399.674356
19404.610000;11357.223479
578.000000;1529.222774
1002.220000;2648.718065
10945.090000;5780.213383
4298.080000;12106.264329
6825.840000;10266.737377
1779.050000;10628.040955
780.000000;2262.172008
6159.740000;6029.598298
706.900000;789.460579
1609.820000;-146.269125
1281.610000;2199.403492
948.470000;-621.817204
28067.190000;7421.288942
3449.640000;8384.386640
3401.700000;6282.818410
2302.030000;3486.744428
8072.660000;12689.443638
8812.940000;6360.488999
75311.330000;10445.184295
4145.480000;3823.211664
544.450000;1090.880295
2081.250000;3057.594023
1500.000000;9100.720675
449.850000;824.471576
3543.910000;13879.715433
603.710000;9880.929476
4258.360000;11578.149347
6828.620000;11620.987052
8797.180000;9675.505621
10445.970000;6223.005656
5520.900000;6226.341793
4200.000000;7284.410586
554.620000;928.039291
593.460000;-753.163991
2852.010000;6023.098758
7738.000000;6172.643871
1344.090000;3194.339791
4146.200000;8681.169536
3025.370000;6477.923940
2197.020000;4603.384553
1781.160000;9991.478274
1270.270000;7802.916058
3325.430000;11249.449430
3433.970000;2396.161854
3758.430000;5927.214630
1473.600000;3175.146064
3110.190000;3613.753829
22393.500000;3060.623801
8826.380000;6710.482485
3240.000000;5877.142740
3578.800000;2892.237033
7648.830000;5929.898984
159.190000;-983.363789
17421.720000;9532.063139
9457.330000;8134.692660
3600.000000;7096.927584
1941.690000;4520.992183
4358.030000;8042.495997
6308.900000;7998.253242
18906.180000;10233.684709
6864.850000;5761.506911
10456.040000;6253.562094
11351.090000;11684.239268
4800.000000;6753.042722
933.740000;1354.082398
8017.650000;1137.307801
10124.700000;9532.026950
11844.270000;7264.551667
26593.930000;8343.729688
2347.670000;-663.748884
1280.680000;3090.153730
2182.250000;8109.761782
1045.670000;2815.029600
5278.230000;6880.307423
5357.440000;5733.967846
16716.790000;11810.911367
4944.420000;5303.727220
4448.740000;10148.175797
11824.090000;10253.339331
6000.000000;6143.408151
3790.480000;8076.173403
5897.940000;7892.468053
10947.120000;11132.216005
10775.740000;12015.932104
4172.250000;7072.954155
4056.130000;7838.433752
170.000000;1041.788006
8192.680000;2840.317153
5782.590000;8853.876575
199.530000;6572.124877
13410.050000;10228.642738
31110.670000;9057.902080
4203.940000;7150.464561
6940.420000;6913.279691
17562.130000;7417.791033
1950.880000;2662.893368
3928.430000;3953.772066
5625.640000;7876.757451
5597.910000;8844.172635
83.870000;-1007.773953
1386.920000;3780.982936
10700.590000;7532.566227
9102.000000;7396.012355
5908.250000;7171.299660
11734.270000;6176.581495
1613.460000;3021.102882
16962.020000;9781.053033
8272.220000;9702.375327
1477.590000;6212.799619
4289.200000;6111.358047
14368.850000;12663.440522
2066.460000;3439.657180
4386.070000;4363.266637
7322.470000;3659.096291
10400.420000;6841.918892
698.000000;1659.421862
13948.300000;10214.516335
4698.610000;7863.182404
9251.900000;11260.281744
3493.930000;5610.363381
5754.150000;7505.156948
9434.770000;6375.227471
7810.870000;6116.541441
5186.620000;7043.263832
434.430000;7133.468736
4228.450000;9424.921285
3562.470000;9418.492833
1500.000000;2815.049287
7608.930000;9996.078479
15326.390000;16687.568522
2307.850000;2913.437814
7595.860000;11770.419252
1530.270000;6145.728502
1898.550000;4023.894651
1525.350000;577.842496
1438.240000;738.127105
9120.000000;6212.472311
3505.850000;4360.151999
17373.380000;11885.296627
15798.770000;3213.874547
21788.110000;3335.879953
4200.000000;9532.622231
10426.320000;6062.823123
8398.980000;2441.821440
3509.220000;9809.019717
51718.290000;10574.341619
4592.130000;653.880692
2387.400000;3380.603610
4004.430000;6286.594276
5858.400000;5260.233698
841.350000;-90.450116
4303.270000;10515.678020
1630.980000;2883.964927
959.490000;260.425277
1080.950000;5625.721272
4988.420000;6169.205353
8921.350000;4734.748653
6465.270000;11240.049577
16119.950000;10664.022880
6728.600000;10581.890004
2416.640000;8883.196730
450.000000;896.554584
1000.000000;-276.424550
24212.780000;10347.396314
13759.380000;4982.425608
18334.470000;16188.153354
4213.580000;4027.648696
1825.750000;2459.910734
10622.850000;9408.440842
12021.590000;9782.788705
478.110000;-2305.949502
1993.760000;-713.408327
9640.290000;9181.149356
876.680000;6020.154679
258.070000;1939.361363
448.230000;5261.996286
1303.540000;231.387844
25498.860000;9910.064255
14552.520000;9443.419223
7635.460000;9978.172328
4581.850000;8569.082758
148.000000;-281.358576
1470.120000;11235.948916
2030.000000;534.152586
14266.220000;11112.508546
2877.270000;2723.207297
4785.400000;7790.222016
384.000000;3021.031342
3827.720000;7579.305047
5005.220000;7701.647697
2204.460000;5204.583356
1800.000000;2151.952375
1800.000000;2122.855444
8562.960000;13664.776760
7727.760000;7673.249647
5407.340000;6722.147800
9028.300000;12276.725953
398.810000;7446.892039
2114.230000;2154.818157
3505.850000;10674.618619
642.550000;2139.663362
7071.390000;10126.539068
35564.780000;10835.777351
361.980000;1621.688269
1356.700000;5504.365155
27591.860000;10263.255820
1019.140000;5679.450273
7896.170000;9644.818383
3433.320000;3058.088693
6071.670000;7633.648515
1702.240000;3655.667644
5749.210000;10316.852608
1068.850000;6647.980203
4369.720000;1925.706949
18685.660000;10247.491447
1798.130000;6302.193515
4960.980000;7403.597478
6314.700000;13990.566617
8837.890000;5651.611845
2090.140000;11426.250557
11272.590000;11709.302121
7439.270000;10348.517119
16949.770000;7995.593997
506.290000;8895.702066
157.550000;2182.504792
571.960000;1500.466138
3914.740000;5878.686999
6328.310000;6692.882423
9861.860000;11337.112747
7701.930000;10328.263269
8511.520000;10228.044296
6813.380000;11754.383507
7962.970000;10099.853939
13402.870000;10186.827036
7180.830000;8654.693891
6214.230000;10358.402572
766.280000;515.725456
6367.530000;8462.432882
2149.570000;3712.666649
25544.660000;13197.843281
6372.820000;1524.705077
3531.170000;216.939716
4329.790000;5897.372104
186.760000;6853.097309
