6567.450000;7118.397001
493.220000;7118.397001
7873.800000;7118.397001
8045.820000;7118.397001
13880.360000;7118.397001
8175.360000;7118.397001
8723.440000;7118.397001
11693.150000;7118.397001
11137.520000;7118.397001
574.970000;7118.397001
3870.230000;7118.397001
9808.960000;7118.397001
6544.160000;7118.397001
30275.300000;7118.397001
6761.080000;7118.397001
4469.880000;7118.397001
9817.850000;7118.397001
14753.640000;7118.397001
7063.860000;7118.397001
5097.400000;7118.397001
3102.910000;7118.397001
8036.590000;7118.397001
7609.010000;7118.397001
4119.250000;7118.397001
506.150000;7118.397001
2740.280000;7118.397001
4874.520000;7118.397001
6915.930000;7118.397001
13318.220000;7118.397001
5428.000000;7118.397001
28614.460000;7118.397001
41911.980000;7118.397001
9504.250000;7118.397001
7626.660000;7118.397001
4924.750000;7118.397001
66.600000;7118.397001
58.000000;7118.397001
3786.490000;7118.397001
4446.040000;7118.397001
25769.070000;7118.397001
2284.700000;7118.397001
1877.750000;7118.397001
6157.760000;7118.397001
7387.890000;7118.397001
7416.690000;7118.397001
3999.590000;7118.397001
3440.240000;7118.397001
5000.000000;7118.397001
7466.700000;7118.397001
6999.620000;7118.397001
5004.080000;7118.397001
3255.060000;7118.397001
12906.460000;7118.397001
12602.630000;7118.397001
940.400000;7118.397001
7721.650000;7118.397001
5028.600000;7118.397001
1741.780000;7118.397001
4822.340000;7118.397001
7549.280000;7118.397001
7582.550000;7118.397001
7089.620000;7118.397001
5755.330000;7118.397001
6100.000000;7118.397001
16984.250000;7118.397001
8072.000000;7118.397001
7430.200000;7118.397001
8969.480000;7118.397001
15640.770000;7118.397001
4701.290000;7118.397001
2103.850000;7118.397001
4081.550000;7118.397001
3151.070000;7118.397001
10524.160000;7118.397001
16767.470000;7118.397001
10977.400000;7118.397001
5500.000000;7118.397001
7766.910000;7118.397001
11188.850000;7118.397001
33272.440000;7118.397001
13391.340000;7118.397001
4350.410000;7118.397001
10931.910000;7118.397001
5674.310000;7118.397001
3517.740000;7118.397001
9146.510000;7118.397001
8589.130000;7118.397001
12062.670000;7118.397001
10370.860000;7118.397001
10753.880000;7118.397001
14280.950000;7118.397001
7442.720000;7118.397001
3816.280000;7118.397001
1500.550000;7118.397001
10799.730000;7118.397001
11794.840000;7118.397001
181.930000;7118.397001
12872.470000;7118.397001
4873.750000;7118.397001
4656.220000;7118.397001
9000.000000;7118.397001
4718.330000;7118.397001
12194.450000;7118.397001
3823.510000;7118.397001
4393.910000;7118.397001
1843.760000;7118.397001
7828.100000;7118.397001
13021.870000;7118.397001
3487.460000;7118.397001
10682.080000;7118.397001
1438.550000;7118.397001
6180.490000;7118.397001
5083.470000;7118.397001
7355.230000;7118.397001
1782.010000;7118.397001
13155.300000;7118.397001
3063.750000;7118.397001
19740.700000;7118.397001
5850.000000;7118.397001
2557.760000;7118.397001
8318.250000;7118.397001
11707.590000;7118.397001
11070.950000;7118.397001
5768.860000;7118.397001
10928.820000;7118.397001
5333.200000;7118.397001
6889.470000;7118.397001
629.900000;7118.397001
4469.840000;7118.397001
7527.640000;7118.397001
70.930000;7118.397001
3516.170000;7118.397001
14901.230000;7118.397001
6812.200000;7118.397001
6025.810000;7118.397001
12078.010000;7118.397001
5283.580000;7118.397001
2431.150000;7118.397001
6986.380000;7118.397001
4750.490000;7118.397001
7292.280000;7118.397001
81.720000;7118.397001
19030.360000;7118.397001
7839.410000;7118.397001
8486.240000;7118.397001
365.480000;7118.397001
9157.150000;7118.397001
6765.710000;7118.397001
10145.560000;7118.397001
14276.520000;7118.397001
6168.360000;7118.397001
6826.710000;7118.397001
5979.680000;7118.397001
4918.930000;7118.397001
9596.630000;7118.397001
5958.490000;7118.397001
6298.640000;7118.397001
4187.970000;7118.397001
19921.390000;7118.397001
2374.340000;7118.397001
6389.440000;7118.397001
2523.000000;7118.397001
28794.030000;7118.397001
6695.550000;7118.397001
16268.610000;7118.397001
15510.850000;7118.397001
7591.200000;7118.397001
55.110000;7118.397001
6078.990000;7118.397001
1753.360000;7118.397001
5628.850000;7118.397001
7555.210000;7118.397001
8524.970000;7118.397001
2518.710000;7118.397001
286.000000;7118.397001
13901.470000;7118.397001
7559.230000;7118.397001
3909.170000;7118.397001
7496.390000;7118.397001
5312.790000;7118.397001
6392.130000;7118.397001
17377.200000;7118.397001
3854.250000;7118.397001
7392.640000;7118.397001
9386.000000;7118.397001
13170.960000;7118.397001
3950.530000;7118.397001
67622.140000;7118.397001
382.940000;7118.397001
7222.340000;7118.397001
42184.380000;7118.397001
581.430000;7118.397001
17010.240000;7118.397001
13570.440000;7118.397001
12914.590000;7118.397001
13440.840000;7118.397001
9563.310000;7118.397001
16435.090000;7118.397001
17388.140000;7118.397001
13993.620000;7118.397001
12120.840000;7118.397001
7327.500000;7118.397001
9453.560000;7118.397001
7248.080000;7118.397001
3819.090000;7118.397001
6366.520000;7118.397001
877.190000;7118.397001
7371.180000;7118.397001
16446.410000;7118.397001
13301.240000;7118.397001
3244.840000;7118.397001
7826.130000;7118.397001
6694.780000;7118.397001
30.120000;7118.397001
10490.980000;7118.397001
226.360000;7118.397001
11711.080000;7118.397001
5464.120000;7118.397001
10363.640000;7118.397001
10056.140000;7118.397001
2766.910000;7118.397001
8894.420000;7118.397001
7358.680000;7118.397001
5270.580000;7118.397001
11829.440000;7118.397001
1288.990000;7118.397001
7940.640000;7118.397001
60.000000;7118.397001
4040.640000;7118.397001
107.680000;7118.397001
6231.680000;7118.397001
3695.800000;7118.397001
4808.650000;7118.397001
31594.890000;7118.397001
150.940000;7118.397001
4205.280000;7118.397001
4593.360000;7118.397001
48078.140000;7118.397001
10590.010000;7118.397001
1997.600000;7118.397001
17.670000;7118.397001
8367.370000;7118.397001
9853.040000;7118.397001
6536.810000;7118.397001
1828.670000;7118.397001
7047.520000;7118.397001
4375.160000;7118.397001
6113.050000;7118.397001
6899.810000;7118.397001
10056.540000;7118.397001
8431.100000;7118.397001
4758.190000;7118.397001
7295.460000;7118.397001
5961.700000;7118.397001
5021.190000;7118.397001
4008.870000;7118.397001
4200.000000;7118.397001
3637.510000;7118.397001
3600.000000;7118.397001
3612.060000;7118.397001
4642.130000;7118.397001
6844.950000;7118.397001
815.350000;7118.397001
8137.560000;7118.397001
2320.000000;7118.397001
4932.230000;7118.397001
9252.740000;7118.397001
1058.410000;7118.397001
876.670000;7118.397001
2349.770000;7118.397001
4554.420000;7118.397001
7237.660000;7118.397001
4285.790000;7118.397001
1677.780000;7118.397001
1010.000000;7118.397001
2993.020000;7118.397001
6845.730000;7118.397001
6077.960000;7118.397001
10161.370000;7118.397001
7663.190000;7118.397001
7991.280000;7118.397001
16289.680000;7118.397001
3600.000000;7118.397001
11597.820000;7118.397001
8339.080000;7118.397001
7192.550000;7118.397001
3345.260000;7118.397001
1216.230000;7118.397001
5585.970000;7118.397001
12025.280000;7118.397001
6988.440000;7118.397001
5947.820000;7118.397001
10035.500000;7118.397001
2238.460000;7118.397001
2025.270000;7118.397001
2066.680000;7118.397001
3453.880000;7118.397001
2693.300000;7118.397001
3897.240000;7118.397001
12560.000000;7118.397001
2150.530000;7118.397001
4046.380000;7118.397001
7964.480000;7118.397001
7479.710000;7118.397001
2074.850000;7118.397001
2471.080000;7118.397001
10863.800000;7118.397001
3985.740000;7118.397001
4905.250000;7118.397001
3397.490000;7118.397001
10372.320000;7118.397001
14727.290000;7118.397001
8467.310000;7118.397001
2494.800000;7118.397001
575.820000;7118.397001
6473.320000;7118.397001
8532.830000;7118.397001
14646.170000;7118.397001
4226.500000;7118.397001
7014.400000;7118.397001
10139.650000;7118.397001
4457.170000;7118.397001
367.550000;7118.397001
11754.160000;7118.397001
5742.360000;7118.397001
5167.360000;7118.397001
6550.350000;7118.397001
1830.440000;7118.397001
7494.100000;7118.397001
4139.890000;7118.397001
7645.970000;7118.397001
3895.390000;7118.397001
13405.810000;7118.397001
6052.400000;7118.397001
7609.710000;7118.397001
300.000000;7118.397001
136.800000;7118.397001
3713.130000;7118.397001
30067.010000;7118.397001
4700.000000;7118.397001
314.800000;7118.397001
7286.960000;7118.397001
9147.250000;7118.397001
6265.960000;7118.397001
3840.000000;7118.397001
3872.120000;7118.397001
69.340000;7118.397001
15165.350000;7118.397001
4908.430000;7118.397001
4005.050000;7118.397001
2155.480000;7118.397001
6715.250000;7118.397001
1714.670000;7118.397001
6492.660000;7118.397001
1932.480000;7118.397001
7603.990000;7118.397001
337.700000;7118.397001
7009.830000;7118.397001
3295.220000;7118.397001
3600.000000;7118.397001
5631.120000;7118.397001
3365.830000;7118.397001
5580.370000;7118.397001
1956.710000;7118.397001
4774.000000;7118.397001
5830.420000;7118.397001
447.890000;7118.397001
4795.390000;7118.397001
1529.220000;7118.397001
5069.440000;7118.397001
178.900000;7118.397001
23651.550000;7118.397001
1957.760000;7118.397001
3742.070000;7118.397001
4927.750000;7118.397001
9176.760000;7118.397001
35413.830000;7118.397001
9768.540000;7118.397001
1823.400000;7118.397001
5316.970000;7118.397001
8484.370000;7118.397001
2991.140000;7118.397001
5791.670000;7118.397001
3998.990000;7118.397001
800.000000;7118.397001
9702.720000;7118.397001
3862.480000;7118.397001
5091.660000;7118.397001
4117.210000;7118.397001
683.490000;7118.397001
879.000000;7118.397001
6979.590000;7118.397001
4003.680000;7118.397001
750.810000;7118.397001
270.730000;7118.397001
4533.950000;7118.397001
5301.500000;7118.397001
12830.690000;7118.397001
1239.570000;7118.397001
600.000000;7118.397001
1646.310000;7118.397001
1729.310000;7118.397001
6976.450000;7118.397001
2460.190000;7118.397001
4800.000000;7118.397001
6644.100000;7118.397001
11676.730000;7118.397001
3446.850000;7118.397001
3538.100000;7118.397001
11212.170000;7118.397001
7230.070000;7118.397001
5238.640000;7118.397001
4967.750000;7118.397001
13276.360000;7118.397001
7571.980000;7118.397001
44059.310000;7118.397001
5472.220000;7118.397001
5556.850000;7118.397001
13307.750000;7118.397001
7399.850000;7118.397001
2645.410000;7118.397001
5169.410000;7118.397001
1745.740000;7118.397001
7670.150000;7118.397001
7721.170000;7118.397001
4492.370000;7118.397001
3606.110000;7118.397001
8142.390000;7118.397001
9519.040000;7118.397001
1932.590000;7118.397001
7465.520000;7118.397001
1909.940000;7118.397001
648.330000;7118.397001
9739.630000;7118.397001
8838.740000;7118.397001
724.810000;7118.397001
9612.910000;7118.397001
2272.730000;7118.397001
13889.690000;7118.397001
15006.780000;7118.397001
2196.320000;7118.397001
6932.210000;7118.397001
3033.490000;7118.397001
5508.830000;7118.397001
3114.300000;7118.397001
2605.800000;7118.397001
6152.400000;7118.397001
635.550000;7118.397001
4409.900000;7118.397001
11932.330000;7118.397001
2916.110000;7118.397001
9297.390000;7118.397001
4696.400000;7118.397001
468.980000;7118.397001
11686.040000;7118.397001
3422.140000;7118.397001
11157.760000;7118.397001
1048.190000;7118.397001
22050.830000;7118.397001
1963.280000;7118.397001
8744.230000;7118.397001
8243.220000;7118.397001
7738.620000;7118.397001
7496.820000;7118.397001
1534.310000;881.735000
229.160000;881.735000
10595.490000;7118.397001
11460.650000;7118.397001
3693.410000;7118.397001
5251.910000;7118.397001
6279.740000;7118.397001
4024.270000;7118.397001
6271.710000;7118.397001
11152.890000;7118.397001
11016.630000;7118.397001
7371.010000;7118.397001
26139.760000;7118.397001
10403.730000;7118.397001
3669.580000;7118.397001
8329.690000;7118.397001
23096.610000;7118.397001
10300.450000;7118.397001
23466.740000;7118.397001
1956.380000;7118.397001
6749.680000;7118.397001
903.400000;7118.397001
5442.510000;7118.397001
7320.900000;7118.397001
2465.080000;7118.397001
2834.210000;7118.397001
8977.780000;7118.397001
3474.770000;7118.397001
3320.870000;7118.397001
1807.670000;7118.397001
11045.340000;7118.397001
40231.370000;7118.397001
5795.860000;7118.397001
6772.260000;7118.397001
5117.580000;7118.397001
5000.000000;7118.397001
12070.070000;7118.397001
12168.050000;7118.397001
1685.190000;7118.397001
7781.560000;7118.397001
1305.280000;7118.397001
17944.870000;7118.397001
8741.800000;7118.397001
2158.610000;7118.397001
16484.880000;7118.397001
6075.770000;7118.397001
8921.160000;7118.397001
4256.490000;7118.397001
8573.790000;7118.397001
9166.980000;7118.397001
11419.420000;7118.397001
4188.310000;7118.397001
7981.470000;7118.397001
3560.550000;7118.397001
4489.920000;7118.397001
9688.330000;7118.397001
568.230000;7118.397001
6210.790000;7118.397001
4732.810000;7118.397001
9772.810000;7118.397001
7900.280000;7118.397001
386.750000;7118.397001
4595.950000;7118.397001
5043.190000;7118.397001
1533.680000;7118.397001
494.900000;7118.397001
5864.830000;7118.397001
7217.050000;7118.397001
55686.560000;7118.397001
3356.600000;7118.397001
14530.780000;7118.397001
3522.260000;7118.397001
3772.960000;7118.397001
173.190000;7118.397001
19483.980000;7118.397001
12883.680000;7118.397001
346.890000;7118.397001
18301.240000;7118.397001
6304.150000;7118.397001
4811.770000;7118.397001
1632.070000;7118.397001
7745.970000;7118.397001
3708.290000;7118.397001
10990.560000;7118.397001
3794.990000;7118.397001
14097.850000;7118.397001
8397.270000;7118.397001
7278.000000;7118.397001
4243.560000;7118.397001
4870.250000;7118.397001
2535.110000;7118.397001
8079.240000;7118.397001
7461.650000;7118.397001
7454.880000;7118.397001
4547.030000;7118.397001
7188.490000;7118.397001
1225.940000;7118.397001
3533.690000;7118.397001
2679.230000;7118.397001
7460.070000;7118.397001
8655.160000;7118.397001
10807.480000;7118.397001
11852.230000;7118.397001
2840.240000;7118.397001
3570.740000;7118.397001
20177.950000;7118.397001
9662.470000;7118.397001
4856.000000;7118.397001
3711.000000;7118.397001
1483.720000;7118.397001
32161.030000;7118.397001
464.250000;7118.397001
4196.450000;7118.397001
14053.150000;7118.397001
7597.320000;7118.397001
204.940000;7118.397001
4811.820000;7118.397001
5080.520000;7118.397001
5977.750000;7118.397001
707.550000;7118.397001
12481.900000;7118.397001
2530.750000;7118.397001
5541.710000;7118.397001
1687.030000;7118.397001
3669.230000;7118.397001
2903.410000;7118.397001
8652.380000;7118.397001
3797.410000;7118.397001
799.430000;7118.397001
869.370000;7118.397001
5339.920000;7118.397001
3659.770000;7118.397001
10745.280000;7118.397001
3550.380000;7118.397001
124.220000;7118.397001
494.060000;7118.397001
11428.640000;7118.397001
3470.890000;7118.397001
573.460000;7118.397001
13285.420000;7118.397001
1680.320000;7118.397001
9469.380000;7118.397001
2929.810000;7118.397001
7344.890000;7118.397001
4643.530000;7118.397001
4373.270000;7118.397001
11721.550000;7118.397001
13584.290000;7118.397001
2204.960000;7118.397001
3144.870000;7118.397001
10747.530000;7118.397001
7529.220000;7118.397001
1638.950000;7118.397001
5955.780000;7118.397001
8109.970000;7118.397001
6986.280000;7118.397001
2860.940000;7118.397001
2987.970000;7118.397001
5611.620000;7118.397001
2889.270000;7118.397001
4191.750000;6790.485000
9389.220000;6790.485000
3973.670000;7118.397001
920.060000;7118.397001
4465.130000;7118.397001
1502.920000;7118.397001
13753.890000;7118.397001
3683.960000;7118.397001
7392.430000;7118.397001
4831.340000;7118.397001
1395.020000;7118.397001
7983.540000;7118.397001
398.500000;7118.397001
3881.920000;7118.397001
4250.290000;7118.397001
326.280000;7118.397001
1154.750000;7118.397001
11744.400000;7118.397001
6378.570000;7118.397001
2138.540000;7118.397001
3488.230000;7118.397001
5634.640000;7118.397001
6681.000000;7118.397001
15457.800000;7118.397001
545.830000;7118.397001
301.200000;7118.397001
15011.910000;7118.397001
21761.100000;7118.397001
6418.740000;7118.397001
647.110000;7118.397001
3018.770000;7118.397001
6076.110000;7118.397001
2019.100000;7118.397001
1752.930000;7118.397001
653.940000;7118.397001
2986.910000;7118.397001
7778.390000;7118.397001
3680.530000;7118.397001
5395.200000;7118.397001
4408.180000;7118.397001
124.250000;7118.397001
4305.830000;7118.397001
1899.130000;7118.397001
7429.980000;7118.397001
3914.260000;7118.397001
2053.830000;7118.397001
2176.480000;7118.397001
6622.050000;7118.397001
733.810000;7118.397001
3894.400000;7118.397001
2334.150000;7118.397001
4325.490000;7118.397001
6793.500000;7118.397001
3529.590000;7118.397001
900.000000;7118.397001
4429.910000;7118.397001
5016.750000;7118.397001
7592.390000;7118.397001
5054.590000;7118.397001
7815.030000;7118.397001
7919.850000;7118.397001
6630.330000;7118.397001
2540.860000;7118.397001
5306.150000;7118.397001
4096.540000;7118.397001
830.800000;7118.397001
4767.740000;7118.397001
13304.520000;7118.397001
1752.930000;7118.397001
12568.870000;7118.397001
7540.720000;7118.397001
11723.570000;7118.397001
6057.290000;7118.397001
6499.780000;7118.397001
1013.670000;7118.397001
6876.220000;7118.397001
9460.070000;7118.397001
4151.120000;7118.397001
6193.410000;7118.397001
8270.540000;7118.397001
7920.440000;7118.397001
3719.690000;7118.397001
5383.610000;7118.397001
3747.050000;7118.397001
9503.130000;7118.397001
12571.220000;7118.397001
11796.300000;7118.397001
9725.280000;7118.397001
6757.410000;7118.397001
782.070000;7118.397001
18035.800000;7118.397001
6705.320000;7118.397001
70754.350000;7118.397001
7266.520000;7118.397001
3260.250000;7118.397001
4103.430000;7118.397001
6387.890000;7118.397001
9766.760000;7118.397001
868.080000;7118.397001
5386.030000;7118.397001
1772.060000;7118.397001
1731.110000;7118.397001
3610.750000;7118.397001
44653.790000;7118.397001
8733.580000;7118.397001
3021.870000;7118.397001
4165.880000;7118.397001
2449.830000;7118.397001
2740.590000;7118.397001
3203.620000;7118.397001
6164.720000;7118.397001
6135.320000;7118.397001
5590.460000;7118.397001
870.740000;7118.397001
3535.720000;7118.397001
6886.960000;7118.397001
3961.000000;7118.397001
3035.080000;7118.397001
14098.560000;7118.397001
5888.400000;7118.397001
4627.440000;7118.397001
4491.630000;7118.397001
30401.780000;7118.397001
7396.980000;7118.397001
8372.990000;7118.397001
1030.100000;7118.397001
2704.050000;7118.397001
8967.160000;7118.397001
559.970000;7118.397001
3600.000000;7118.397001
6972.250000;7118.397001
3680.360000;7118.397001
5390.000000;7118.397001
7152.590000;7118.397001
4240.430000;7118.397001
7271.940000;7118.397001
8087.590000;7118.397001
1679.800000;7118.397001
15679.680000;7118.397001
3316.590000;7118.397001
5331.040000;7118.397001
7493.560000;7118.397001
11231.850000;7118.397001
15827.740000;7118.397001
9923.940000;7118.397001
15243.640000;7118.397001
10220.530000;7118.397001
6953.690000;7118.397001
3209.280000;7118.397001
225.250000;7118.397001
3021.230000;7118.397001
3786.480000;7118.397001
8720.210000;7118.397001
9360.880000;7118.397001
3012.050000;7118.397001
4129.630000;7118.397001
4497.100000;7118.397001
3781.490000;7118.397001
7833.820000;7118.397001
3869.180000;7118.397001
2432.810000;7118.397001
10166.330000;7118.397001
3438.830000;7118.397001
3905.980000;7118.397001
5808.830000;7118.397001
1221.220000;7118.397001
5968.340000;7118.397001
3503.820000;7118.397001
4446.140000;7118.397001
10076.720000;7118.397001
8414.870000;7118.397001
1045.440000;7118.397001
300.000000;7118.397001
12110.240000;7118.397001
4176.690000;7118.397001
4266.130000;7118.397001
3522.580000;7118.397001
7540.920000;7118.397001
2347.370000;7118.397001
5002.960000;7118.397001
1769.070000;7118.397001
9586.180000;7118.397001
4038.280000;7118.397001
903.750000;7118.397001
4874.160000;7118.397001
5226.910000;7118.397001
5945.090000;7118.397001
876.170000;7118.397001
2240.660000;7118.397001
9102.190000;7118.397001
7524.560000;7118.397001
6346.170000;7118.397001
2495.640000;7118.397001
1956.240000;7118.397001
13998.060000;7118.397001
7987.180000;7118.397001
7733.280000;7118.397001
8010.350000;7118.397001
9430.960000;7118.397001
85777.510000;7118.397001
3608.600000;7118.397001
4086.120000;7118.397001
10626.850000;7118.397001
168.500000;7118.397001
240.860000;7118.397001
9460.500000;7118.397001
6053.120000;7118.397001
3844.550000;7118.397001
12982.970000;7118.397001
9036.070000;7118.397001
11375.880000;7118.397001
345.720000;7118.397001
3750.470000;7118.397001
4798.050000;7118.397001
11152.120000;7118.397001
1077.420000;7118.397001
7415.640000;7118.397001
8344.940000;7118.397001
2000.030000;7118.397001
861.610000;7118.397001
7835.160000;7118.397001
14332.270000;7118.397001
488.440000;7118.397001
162.190000;7118.397001
13432.450000;7118.397001
3411.360000;7118.397001
1435.030000;7118.397001
4261.000000;7118.397001
4638.290000;7118.397001
3240.000000;7118.397001
1634.910000;7118.397001
4400.000000;7118.397001
11254.800000;7118.397001
17242.480000;7118.397001
5968.410000;7118.397001
9313.650000;7118.397001
6733.540000;7118.397001
8249.090000;7118.397001
6761.110000;7118.397001
7202.580000;7118.397001
4871.090000;7118.397001
3516.770000;7118.397001
4233.680000;7118.397001
9684.530000;7118.397001
2946.290000;7118.397001
29103.150000;7118.397001
27164.280000;7118.397001
7854.140000;7118.397001
5.650000;7118.397001
3331.520000;7118.397001
3517.860000;7118.397001
3801.770000;7118.397001
7321.320000;7118.397001
2100.500000;7118.397001
6000.000000;7118.397001
11382.700000;7118.397001
17299.290000;7118.397001
19697.930000;7118.397001
823.760000;7118.397001
1195.570000;7118.397001
4281.030000;7118.397001
8616.890000;7118.397001
1659.860000;7118.397001
6226.850000;7118.397001
700.000000;7118.397001
8786.200000;7118.397001
1999.790000;7118.397001
3476.220000;7118.397001
490.000000;7118.397001
10285.950000;7118.397001
1102.280000;7118.397001
3400.940000;7118.397001
2608.200000;7118.397001
4699.940000;7118.397001
1738.300000;7118.397001
58.500000;7118.397001
5291.800000;7118.397001
1800.000000;7118.397001
96773.640000;7118.397001
1737.720000;7118.397001
6802.050000;7118.397001
4176.830000;7118.397001
4848.490000;7118.397001
6346.470000;7118.397001
710.000000;7118.397001
2760.000000;7118.397001
7381.000000;7118.397001
1380.000000;7118.397001
1905.420000;7118.397001
5304.090000;7118.397001
4733.420000;7118.397001
3339.880000;7118.397001
3213.050000;7118.397001
5911.950000;7118.397001
11897.240000;7118.397001
5202.890000;7118.397001
8242.480000;7118.397001
10500.080000;7118.397001
5622.960000;7118.397001
13019.050000;7118.397001
8353.850000;7118.397001
9417.360000;7118.397001
17377.200000;7118.397001
5490.760000;7118.397001
8401.440000;7118.397001
6950.880000;7118.397001
6481.840000;7118.397001
3643.440000;7118.397001
5385.160000;7118.397001
4504.980000;7118.397001
159.250000;7118.397001
12000.000000;7118.397001
2736.940000;7118.397001
4101.250000;7118.397001
5768.590000;7118.397001
4519.310000;7118.397001
1217.110000;7118.397001
9655.450000;7118.397001
1621.370000;7118.397001
4360.650000;7118.397001
6046.590000;7118.397001
6002.080000;7118.397001
11424.010000;7118.397001
5818.240000;7118.397001
1647.520000;7118.397001
5346.900000;7118.397001
5277.190000;7118.397001
4102.350000;7118.397001
4800.000000;7118.397001
4407.430000;7118.397001
9970.320000;7118.397001
2562.920000;7118.397001
4304.930000;7118.397001
8478.770000;7118.397001
6354.240000;7118.397001
870.000000;7118.397001
2592.340000;7118.397001
6308.310000;7118.397001
4310.800000;7118.397001
2954.120000;7118.397001
11159.010000;7118.397001
3494.570000;7118.397001
6919.190000;7118.397001
6833.080000;7118.397001
1658.490000;7118.397001
1906.390000;7118.397001
14235.890000;7118.397001
14690.560000;7118.397001
3905.350000;7118.397001
11395.750000;7118.397001
5823.430000;7118.397001
3500.000000;7118.397001
1041.950000;7118.397001
4870.360000;7118.397001
9411.060000;7118.397001
5503.910000;7118.397001
11438.660000;7118.397001
6874.180000;7118.397001
3634.550000;7118.397001
290.000000;7118.397001
6099.540000;7118.397001
7748.480000;7118.397001
6220.690000;7118.397001
8361.020000;7118.397001
14344.000000;7118.397001
3480.000000;7118.397001
3480.000000;7118.397001
8058.020000;7118.397001
3086.350000;7118.397001
1116.750000;7118.397001
6130.130000;7118.397001
2182.870000;7118.397001
10184.630000;7118.397001
2848.730000;7118.397001
4427.220000;7118.397001
3448.150000;7118.397001
6597.810000;7118.397001
6906.380000;7118.397001
3054.540000;7118.397001
8053.630000;7118.397001
3461.840000;7118.397001
4015.290000;7118.397001
3505.850000;7118.397001
4845.740000;7118.397001
3569.870000;7118.397001
268.590000;7118.397001
5000.000000;7118.397001
5580.000000;7118.397001
3314.450000;7118.397001
12711.580000;7118.397001
2078.380000;7118.397001
5936.330000;7118.397001
16080.530000;7118.397001
5489.080000;7118.397001
8139.240000;7118.397001
5512.620000;7118.397001
7432.230000;7118.397001
5543.120000;7118.397001
3600.000000;7118.397001
814.090000;7118.397001
5732.660000;7118.397001
5857.290000;7118.397001
8003.600000;7118.397001
5213.960000;7118.397001
13790.140000;7118.397001
13354.950000;7118.397001
900.000000;7118.397001
3879.530000;7118.397001
1127.110000;7118.397001
4295.740000;7118.397001
1738.370000;7118.397001
8501.000000;7118.397001
632.000000;7118.397001
3126.540000;7118.397001
7756.610000;7118.397001
4127.260000;7118.397001
28.960000;7118.397001
11725.800000;7118.397001
3487.780000;7118.397001
6630.330000;7118.397001
4377.010000;7118.397001
4212.640000;7118.397001
7196.320000;7118.397001
4340.000000;7118.397001
4860.000000;7118.397001
6416.050000;7118.397001
9542.270000;7118.397001
13622.480000;7118.397001
6864.880000;7118.397001
4153.480000;7118.397001
3220.000000;7118.397001
2100.000000;7118.397001
4059.420000;7118.397001
9563.540000;7118.397001
11721.720000;7118.397001
3568.750000;7118.397001
1927.690000;7118.397001
1019.570000;7118.397001
5281.110000;7118.397001
2537.070000;7118.397001
3600.000000;7118.397001
3371.620000;7118.397001
1652.390000;7118.397001
3317.370000;7118.397001
8900.000000;7118.397001
9062.020000;7118.397001
26284.020000;7118.397001
14872.390000;7118.397001
12951.440000;7118.397001
5056.580000;7118.397001
4323.610000;7118.397001
4693.100000;7118.397001
7773.340000;7118.397001
6758.870000;7118.397001
6360.000000;7118.397001
24.290000;7118.397001
10.530000;7118.397001
5337.780000;7118.397001
8313.820000;7118.397001
5017.610000;7118.397001
7131.850000;7118.397001
28686.090000;7118.397001
44943.000000;7118.397001
8500.810000;7118.397001
5035.650000;7118.397001
5852.710000;7118.397001
5672.180000;7118.397001
4031.980000;7118.397001
21617.820000;7118.397001
11963.040000;7118.397001
4896.470000;7118.397001
4618.420000;7118.397001
17525.640000;7118.397001
7567.200000;7118.397001
1289.390000;7118.397001
6472.230000;7118.397001
6760.250000;7118.397001
9313.360000;7118.397001
3774.480000;7118.397001
104.260000;7118.397001
9348.790000;7118.397001
10966.210000;7118.397001
8150.920000;7118.397001
4335.440000;7118.397001
905.620000;7118.397001
18294.740000;7118.397001
16421.740000;7118.397001
15444.770000;7118.397001
6393.620000;7118.397001
1118.420000;7118.397001
2432.810000;7118.397001
4057.630000;7118.397001
3498.660000;7118.397001
10167.130000;7118.397001
10455.180000;7118.397001
8400.000000;7118.397001
6600.000000;7118.397001
5592.640000;7118.397001
10834.390000;7118.397001
3804.700000;7118.397001
3524.540000;7118.397001
580.000000;7118.397001
816.050000;7118.397001
5272.420000;7118.397001
6696.060000;7118.397001
86.850000;7118.397001
4540.030000;7118.397001
5410.120000;7118.397001
4763.340000;7118.397001
827.170000;7118.397001
5501.060000;7118.397001
3812.540000;7118.397001
23491.600000;7118.397001
7873.470000;7118.397001
788.470000;7118.397001
10536.150000;7118.397001
3791.200000;7118.397001
4134.460000;7118.397001
686.320000;7118.397001
2397.110000;7118.397001
428.010000;7118.397001
2286.950000;7118.397001
28856.750000;7118.397001
12114.610000;7118.397001
4046.070000;7118.397001
3600.000000;7118.397001
15434.710000;7118.397001
8554.200000;7118.397001
22868.420000;7118.397001
807.710000;7118.397001
20236.330000;7118.397001
3336.860000;7118.397001
1670.600000;7118.397001
3198.580000;7118.397001
4557.190000;7118.397001
1467.890000;7118.397001
5502.620000;7118.397001
272.680000;7118.397001
6644.860000;7118.397001
10365.460000;7118.397001
1218.230000;7118.397001
4200.000000;7118.397001
3475.440000;7118.397001
6407.590000;7118.397001
4823.960000;7118.397001
8827.110000;7118.397001
11670.000000;7118.397001
7645.970000;7118.397001
12879.440000;7118.397001
3926.050000;7118.397001
4771.160000;7118.397001
15425.210000;7118.397001
214.520000;7118.397001
2357.540000;7118.397001
12463.020000;7118.397001
6405.280000;7118.397001
8248.070000;7118.397001
1668.160000;7118.397001
1740.000000;7118.397001
6372.760000;7118.397001
2395.090000;7118.397001
44361.500000;7118.397001
24793.150000;7118.397001
6000.000000;7118.397001
8026.130000;7118.397001
4295.940000;7118.397001
3669.510000;7118.397001
7584.420000;7118.397001
2320.000000;7118.397001
17453.900000;7118.397001
16878.530000;7118.397001
10996.590000;7118.397001
307.720000;7118.397001
36312.720000;7118.397001
4332.780000;7118.397001
5747.710000;7118.397001
1900.570000;7118.397001
12998.990000;7118.397001
499.670000;7118.397001
9968.200000;7118.397001
6038.520000;7118.397001
7200.000000;7118.397001
19221.180000;7118.397001
11137.280000;7118.397001
5788.910000;7118.397001
3826.740000;7118.397001
4667.640000;7118.397001
710.010000;7118.397001
12085.860000;7118.397001
56738.470000;7118.397001
4022.460000;7118.397001
3549.150000;7118.397001
8854.000000;7118.397001
3600.000000;7118.397001
21654.580000;7118.397001
9398.330000;7118.397001
3784.910000;7118.397001
6830.400000;7118.397001
5578.530000;7118.397001
2863.310000;7118.397001
3600.000000;7118.397001
3060.940000;7118.397001
331.620000;7118.397001
1668.210000;7118.397001
3967.790000;7118.397001
6773.020000;7118.397001
15773.190000;7118.397001
6964.040000;7118.397001
11987.830000;7118.397001
7357.190000;7118.397001
7848.790000;7118.397001
12445.970000;7118.397001
8838.660000;7118.397001
7406.660000;7118.397001
9439.500000;7118.397001
824.990000;7118.397001
625.910000;7118.397001
480.040000;7118.397001
1784.460000;7118.397001
10723.420000;7118.397001
7884.660000;7118.397001
313.350000;7118.397001
4758.120000;7118.397001
7231.940000;7118.397001
5439.830000;7118.397001
763.300000;7118.397001
5334.140000;7118.397001
4154.580000;7118.397001
468.690000;7118.397001
6940.050000;7118.397001
547.380000;7118.397001
1140.830000;7118.397001
3478.020000;7118.397001
996.960000;7118.397001
9587.780000;7118.397001
7885.340000;7118.397001
5102.720000;7118.397001
16320.170000;7118.397001
6113.350000;7118.397001
10182.350000;7118.397001
6243.900000;7118.397001
5631.950000;7118.397001
3376.010000;7118.397001
4777.710000;7118.397001
7770.680000;7118.397001
1975.210000;7118.397001
7069.380000;7118.397001
604.530000;7118.397001
5514.060000;7118.397001
1652.300000;7118.397001
5071.620000;7118.397001
27293.180000;7118.397001
9188.310000;7118.397001
32180.850000;7118.397001
35887.740000;7118.397001
1390.180000;7118.397001
12801.640000;7118.397001
1931.780000;7118.397001
15640.810000;7118.397001
2852.760000;7118.397001
81738.490000;67527.695000
53316.900000;67527.695000
4228.100000;7118.397001
4956.490000;7118.397001
10168.340000;7118.397001
4378.710000;7118.397001
5434.810000;7118.397001
226.480000;7118.397001
152.330000;7118.397001
5078.950000;7118.397001
11972.870000;7118.397001
5004.770000;7118.397001
3175.010000;7118.397001
13840.430000;7118.397001
1387.970000;7118.397001
7331.440000;7118.397001
343.920000;7118.397001
19188.120000;7118.397001
5607.390000;7118.397001
3507.300000;7118.397001
1026.690000;7118.397001
7555.530000;7118.397001
9025.740000;7118.397001
13010.250000;7118.397001
2462.940000;7118.397001
3898.510000;7118.397001
12885.270000;7118.397001
6579.530000;7118.397001
5243.570000;7118.397001
54828.070000;7118.397001
12118.040000;7118.397001
5092.440000;7118.397001
11199.890000;7118.397001
8898.520000;7118.397001
10980.940000;7118.397001
434.430000;7118.397001
8668.940000;7118.397001
29210.530000;7118.397001
33577.600000;7118.397001
1100.340000;7118.397001
7976.030000;7118.397001
5279.490000;7118.397001
4246.330000;7118.397001
11356.780000;7118.397001
8905.660000;7118.397001
3823.120000;7118.397001
9610.480000;7118.397001
4858.550000;7118.397001
19227.880000;7118.397001
19930.850000;14199.265000
8467.680000;14199.265000
6640.690000;7118.397001
19661.560000;7118.397001
15186.360000;7118.397001
289.800000;7118.397001
18125.250000;7118.397001
1649.370000;7118.397001
6569.780000;7118.397001
6641.350000;7118.397001
4238.120000;7118.397001
4219.510000;7118.397001
9539.650000;7118.397001
7259.050000;7118.397001
12031.070000;7118.397001
9926.360000;7118.397001
11618.020000;7118.397001
4341.830000;7118.397001
14630.370000;7118.397001
6536.310000;7118.397001
4970.850000;7118.397001
7967.410000;7118.397001
9348.310000;7118.397001
5885.580000;7118.397001
9749.650000;7118.397001
12867.490000;7118.397001
3382.050000;7118.397001
7065.030000;7118.397001
5142.720000;7118.397001
3535.200000;7118.397001
4157.760000;7118.397001
589.320000;7118.397001
28207.820000;7118.397001
5294.780000;7118.397001
3523.220000;7118.397001
5564.880000;7118.397001
3630.200000;7118.397001
4824.850000;7118.397001
6892.960000;7118.397001
9919.950000;7118.397001
6623.250000;7118.397001
6441.420000;7118.397001
8256.340000;7118.397001
8847.940000;7118.397001
5357.900000;7118.397001
15485.860000;7118.397001
1800.000000;7118.397001
2206.510000;7118.397001
129.720000;7118.397001
6600.000000;7118.397001
15586.880000;7118.397001
7094.820000;7118.397001
7634.770000;7118.397001
8554.620000;7118.397001
10090.660000;7118.397001
3600.000000;7118.397001
2009.670000;7118.397001
5117.340000;7118.397001
2433.500000;7118.397001
6556.600000;7118.397001
417.000000;7118.397001
381.990000;7118.397001
17961.320000;7118.397001
11303.420000;7118.397001
6515.170000;7118.397001
5037.730000;7118.397001
13029.430000;7118.397001
22139.760000;7118.397001
498.280000;7118.397001
16383.430000;7118.397001
2834.790000;7118.397001
5947.430000;7118.397001
3782.220000;7118.397001
4401.820000;7118.397001
5506.720000;7118.397001
15858.560000;7118.397001
33699.310000;7118.397001
6003.660000;7118.397001
6802.890000;7118.397001
18739.310000;7118.397001
16789.470000;7118.397001
3486.430000;7118.397001
9304.550000;7118.397001
14208.760000;7118.397001
15708.250000;7118.397001
2808.880000;7118.397001
7077.390000;7118.397001
14788.130000;7118.397001
3784.870000;7118.397001
8420.220000;7118.397001
5277.410000;7118.397001
11792.770000;7118.397001
6771.530000;7118.397001
4246.170000;7118.397001
15279.750000;7118.397001
3959.460000;7118.397001
3600.000000;7118.397001
7197.810000;7118.397001
5612.950000;7118.397001
12459.970000;7118.397001
12214.470000;7118.397001
3514.380000;7118.397001
6603.940000;7118.397001
4920.220000;7118.397001
4547.750000;7118.397001
6554.870000;7118.397001
372.070000;7118.397001
21170.060000;7118.397001
5135.530000;7118.397001
8046.990000;7118.397001
1092.960000;7118.397001
19572.310000;7118.397001
11987.330000;7118.397001
13614.010000;7118.397001
15591.970000;7118.397001
11538.720000;7118.397001
7395.620000;7118.397001
3600.000000;7118.397001
3600.000000;7118.397001
8504.480000;7118.397001
12540.800000;7118.397001
11540.970000;7118.397001
11546.930000;7118.397001
8525.980000;7118.397001
4301.690000;7118.397001
3794.870000;7118.397001
8199.360000;7118.397001
7569.390000;7118.397001
7750.230000;7118.397001
40655.420000;7118.397001
5782.540000;7118.397001
269.780000;7118.397001
12953.420000;7118.397001
35972.060000;7118.397001
544.320000;7118.397001
12347.030000;7118.397001
22217.850000;7118.397001
5604.680000;7118.397001
3587.340000;7118.397001
3799.560000;7118.397001
2313.380000;7118.397001
4055.770000;7118.397001
10712.740000;7118.397001
10941.930000;7118.397001
23642.260000;7118.397001
3553.580000;7118.397001
19161.060000;7118.397001
7144.150000;7118.397001
12253.490000;7118.397001
2914.400000;7118.397001
18509.990000;7118.397001
8041.480000;7118.397001
6672.090000;7118.397001
10225.900000;7118.397001
14628.770000;7118.397001
14812.960000;7118.397001
10170.570000;7118.397001
718.590000;7118.397001
13322.520000;7118.397001
8264.100000;7118.397001
6331.810000;7118.397001
20449.780000;7118.397001
11172.160000;7118.397001
8971.010000;7118.397001
86.670000;7118.397001
3600.000000;7118.397001
14688.540000;7118.397001
6055.020000;7118.397001
5686.270000;7118.397001
4550.100000;7118.397001
1042.630000;7118.397001
20488.460000;7118.397001
10358.860000;7118.397001
5227.250000;7118.397001
4350.490000;7118.397001
2284.200000;7118.397001
4884.520000;7118.397001
2105.540000;7118.397001
13869.030000;7118.397001
1882.680000;7118.397001
7939.210000;7118.397001
8344.590000;7118.397001
459.240000;7118.397001
1883.980000;7118.397001
5076.190000;7118.397001
1754.920000;7118.397001
12233.670000;7118.397001
5431.110000;7118.397001
15026.890000;7118.397001
18530.730000;7118.397001
11031.870000;7118.397001
8256.710000;7118.397001
20937.320000;7118.397001
19752.090000;7118.397001
2419.490000;7118.397001
7800.000000;7118.397001
6123.000000;7118.397001
5730.680000;7118.397001
410.170000;7118.397001
4403.310000;7118.397001
1784.120000;7118.397001
8552.450000;7118.397001
4564.450000;7118.397001
2109.300000;7118.397001
7228.340000;7118.397001
4068.800000;7118.397001
8444.880000;7118.397001
183.530000;7118.397001
4200.000000;7118.397001
7200.000000;7118.397001
3822.030000;7118.397001
7800.000000;7118.397001
616.530000;7118.397001
5017.560000;7118.397001
444.340000;7118.397001
6035.990000;7118.397001
6866.720000;7118.397001
6423.770000;7118.397001
8909.000000;7118.397001
4936.740000;7118.397001
1972.030000;7118.397001
1396.730000;7118.397001
728.880000;7118.397001
2237.990000;7118.397001
6677.720000;7118.397001
4200.000000;7118.397001
5889.500000;7118.397001
11704.610000;7118.397001
4200.000000;7118.397001
5400.000000;7118.397001
3747.290000;7118.397001
6513.470000;7118.397001
616.530000;7118.397001
8400.000000;7118.397001
4045.480000;4174.160000
4302.840000;4174.160000
4211.670000;7118.397001
1349.760000;7118.397001
9913.200000;7118.397001
13158.380000;7118.397001
6834.530000;7118.397001
2911.910000;7118.397001
11646.430000;7118.397001
6139.060000;7118.397001
8992.920000;7118.397001
3964.190000;7118.397001
3607.330000;7118.397001
1591.330000;7118.397001
541.340000;7118.397001
7859.020000;7118.397001
10636.190000;7118.397001
5260.460000;7118.397001
2186.120000;7118.397001
1745.980000;7118.397001
3934.150000;7118.397001
4200.000000;7118.397001
17923.020000;7118.397001
15291.640000;7118.397001
5418.330000;7118.397001
10641.500000;7118.397001
8018.520000;7118.397001
2635.540000;7118.397001
2660.790000;7118.397001
6936.420000;7118.397001
9823.240000;7118.397001
343.200000;7118.397001
4939.720000;7118.397001
7027.340000;7118.397001
132.690000;7118.397001
21826.230000;7118.397001
4910.530000;7118.397001
4942.410000;7118.397001
3846.050000;7118.397001
499.280000;7118.397001
5247.920000;7118.397001
1997.610000;7118.397001
8478.640000;7118.397001
10195.700000;7118.397001
4108.690000;7118.397001
2384.480000;7118.397001
8836.410000;7118.397001
3600.000000;7118.397001
7669.030000;7118.397001
4010.670000;7118.397001
4387.140000;7118.397001
1800.000000;7118.397001
15929.100000;7118.397001
480.540000;7118.397001
1048.590000;7118.397001
4444.770000;7118.397001
7688.030000;7118.397001
400.050000;7118.397001
11188.180000;7118.397001
6460.430000;7118.397001
5558.430000;7118.397001
4426.850000;7118.397001
4318.110000;7118.397001
6315.160000;7118.397001
3756.390000;7118.397001
10629.050000;7118.397001
4794.890000;7118.397001
4181.400000;7118.397001
722.330000;7118.397001
7800.000000;7118.397001
6236.760000;7118.397001
3872.070000;7118.397001
5291.010000;7118.397001
39.100000;7118.397001
3495.710000;7118.397001
4014.900000;7118.397001
3216.230000;7118.397001
720.880000;7118.397001
4756.820000;7118.397001
1378.240000;7118.397001
1347.110000;7118.397001
5040.000000;7118.397001
3371.420000;7118.397001
9203.480000;7118.397001
2707.010000;7118.397001
7779.270000;7118.397001
3758.140000;7118.397001
5122.530000;7118.397001
3487.570000;7118.397001
8246.050000;7118.397001
6677.600000;7118.397001
13941.020000;7118.397001
3800.570000;7118.397001
7924.170000;7118.397001
3920.070000;7118.397001
8675.800000;7118.397001
10429.590000;7118.397001
26775.190000;7118.397001
7387.690000;7118.397001
807.240000;7118.397001
7981.410000;7118.397001
648.120000;7118.397001
3600.000000;7118.397001
6523.560000;7118.397001
9535.810000;7118.397001
960.440000;7118.397001
4740.190000;7118.397001
23480.740000;7118.397001
9993.560000;7118.397001
270.000000;7118.397001
8240.440000;7118.397001
16531.160000;7118.397001
1082.100000;7118.397001
3766.280000;7118.397001
4101.770000;7118.397001
10288.070000;7118.397001
12151.400000;7118.397001
23499.930000;7118.397001
13775.730000;7118.397001
23331.010000;7118.397001
3600.000000;7118.397001
4511.410000;7118.397001
647.800000;7118.397001
632.870000;7118.397001
3496.810000;7118.397001
6761.910000;7118.397001
3110.140000;7118.397001
750.000000;7118.397001
3407.470000;7118.397001
3475.440000;7118.397001
7268.390000;7118.397001
3492.710000;7118.397001
3564.230000;7118.397001
9624.340000;7118.397001
6113.170000;7118.397001
1383.450000;7118.397001
9669.000000;7118.397001
5292.730000;7118.397001
4264.590000;7118.397001
3476.550000;7118.397001
3655.120000;7118.397001
5220.660000;7118.397001
11758.010000;7118.397001
1457.160000;7118.397001
6635.060000;7118.397001
1753.070000;7118.397001
4426.980000;7118.397001
11752.040000;7118.397001
7703.030000;7118.397001
323.300000;7118.397001
3812.000000;7118.397001
8359.810000;7118.397001
4681.930000;7118.397001
7203.250000;7118.397001
7195.750000;7118.397001
5142.330000;7118.397001
3081.060000;7118.397001
4191.340000;7118.397001
6812.890000;7118.397001
9627.900000;7118.397001
5932.710000;7118.397001
5867.550000;7118.397001
3899.390000;7118.397001
2178.130000;7118.397001
10830.400000;7118.397001
7555.390000;7118.397001
8600.180000;7118.397001
4560.120000;7118.397001
5438.150000;7118.397001
737.120000;7118.397001
11671.570000;7118.397001
1835.220000;7118.397001
11267.750000;7118.397001
6224.740000;7118.397001
9475.340000;7118.397001
7339.350000;7118.397001
8407.190000;7118.397001
8802.240000;7118.397001
1487.290000;7118.397001
4668.610000;7118.397001
7006.790000;7118.397001
1045.780000;7118.397001
499.150000;7118.397001
3917.460000;7118.397001
4936.330000;7118.397001
7405.260000;7118.397001
5000.000000;7118.397001
4415.660000;7118.397001
24746.530000;7118.397001
2790.030000;7118.397001
1074.360000;7118.397001
11924.790000;7118.397001
7409.990000;7118.397001
1088.720000;7118.397001
3681.420000;7118.397001
14736.700000;7118.397001
289.620000;7118.397001
12879.440000;7118.397001
4642.790000;7118.397001
1608.120000;7118.397001
12136.430000;7118.397001
4895.600000;7118.397001
1924.220000;7118.397001
636.820000;7118.397001
18440.750000;7118.397001
4329.470000;7118.397001
4254.040000;7118.397001
790.060000;7118.397001
1800.740000;7118.397001
4800.000000;7118.397001
19584.110000;7118.397001
4826.950000;7118.397001
12265.150000;7118.397001
9377.750000;7118.397001
3370.600000;7118.397001
14824.180000;7118.397001
7023.230000;7118.397001
3941.620000;7118.397001
8570.400000;7118.397001
4430.000000;7118.397001
202.730000;7118.397001
3683.520000;7118.397001
13421.190000;7118.397001
6118.580000;7118.397001
6408.570000;7118.397001
4547.780000;7118.397001
7880.450000;7118.397001
5417.740000;7118.397001
693.750000;7118.397001
6282.420000;7118.397001
8536.520000;7118.397001
7387.080000;7118.397001
6226.190000;7118.397001
16765.120000;7118.397001
16524.990000;7118.397001
16099.560000;7118.397001
4211.520000;7118.397001
3789.820000;7118.397001
12059.620000;7118.397001
5114.430000;7118.397001
3610.870000;7118.397001
3780.930000;7118.397001
8932.820000;7118.397001
1654.090000;7118.397001
6658.600000;7118.397001
6556.600000;7118.397001
4242.680000;7118.397001
9272.580000;7118.397001
9050.110000;7118.397001
8065.680000;7118.397001
