6567.450000;8339.290763
493.220000;7864.605729
7873.800000;9130.309161
8045.820000;9887.992585
13880.360000;10473.154769
8175.360000;10212.490112
8723.440000;5874.003720
11693.150000;7330.179843
11137.520000;9915.181976
574.970000;-572.312632
3870.230000;5121.938288
9808.960000;5136.486754
6544.160000;7677.981281
30275.300000;3372.873766
6761.080000;7240.530648
4469.880000;6147.895985
9817.850000;4715.139726
14753.640000;9379.530327
7063.860000;7013.647931
5097.400000;8871.803473
3102.910000;2787.088584
8036.590000;6187.370972
7609.010000;10855.266062
4119.250000;13114.010966
506.150000;391.848625
2740.280000;9149.803922
4874.520000;9062.052212
6915.930000;5959.163725
13318.220000;8106.344800
5428.000000;11807.100587
28614.460000;15560.473223
41911.980000;15638.112779
9504.250000;805.841887
7626.660000;8415.122780
4924.750000;7486.102031
66.600000;-871.540111
58.000000;3022.601087
3786.490000;9381.057444
4446.040000;7087.766324
25769.070000;11924.022465
2284.700000;3108.257832
1877.750000;3441.663820
6157.760000;11421.775048
7387.890000;15581.520861
7416.690000;11569.992439
3999.590000;5005.075697
3440.240000;4844.380282
5000.000000;11657.802265
7466.700000;9966.166971
6999.620000;6351.673903
5004.080000;7527.900262
3255.060000;7791.184470
12906.460000;10187.543570
12602.630000;7471.283995
940.400000;2146.427983
7721.650000;7208.825241
5028.600000;10093.957964
1741.780000;10381.982020
4822.340000;7476.617695
7549.280000;7310.966892
7582.550000;7572.285702
7089.620000;11251.321838
5755.330000;9778.895580
6100.000000;11856.022788
16984.250000;13077.012172
8072.000000;9287.097616
7430.200000;10408.574875
8969.480000;13921.503451
15640.770000;9463.960196
4701.290000;5991.138115
2103.850000;10226.882404
4081.550000;6273.608479
3151.070000;6880.774915
10524.160000;15019.873067
16767.470000;10345.563883
10977.400000;6896.776160
5500.000000;9661.504814
7766.910000;7127.922415
11188.850000;5996.390842
33272.440000;9384.979427
13391.340000;9309.675707
4350.410000;6653.420567
10931.910000;8241.121200
5674.310000;2155.284775
3517.740000;6340.887413
9146.510000;6914.078165
8589.130000;10119.147079
12062.670000;7763.920087
10370.860000;12666.721961
10753.880000;10126.433821
14280.950000;11241.679265
7442.720000;7435.628871
3816.280000;4272.098425
1500.550000;8903.740789
10799.730000;11733.569550
11794.840000;9976.902379
181.930000;991.163103
12872.470000;6291.279780
4873.750000;5396.768636
4656.220000;6284.043157
9000.000000;10414.980656
4718.330000;9936.595212
12194.450000;15641.965623
3823.510000;7699.968947
4393.910000;3314.577617
1843.760000;-1033.526538
7828.100000;7061.120013
13021.870000;7231.697124
3487.460000;6162.095118
10682.080000;9300.300925
1438.550000;7361.671825
6180.490000;3347.549678
5083.470000;10039.863041
7355.230000;6356.426833
1782.010000;2216.203146
13155.300000;11573.827677
3063.750000;3633.884319
19740.700000;17478.832527
5850.000000;14004.544761
2557.760000;1593.041350
8318.250000;9111.405104
11707.590000;11032.046665
11070.950000;9460.718395
5768.860000;6012.394464
10928.820000;9992.540507
5333.200000;10468.616060
6889.470000;14384.581518
629.900000;1872.525346
4469.840000;7492.379848
7527.640000;10735.019486
70.930000;-1488.643086
3516.170000;6918.011530
14901.230000;1952.311594
6812.200000;10536.632187
6025.810000;9714.957391
12078.010000;9153.593500
5283.580000;9576.809186
2431.150000;9333.028831
6986.380000;9474.889031
4750.490000;7072.432174
7292.280000;9574.560531
81.720000;-861.048260
19030.360000;15056.408877
7839.410000;9834.509365
8486.240000;13027.113881
365.480000;4381.781215
9157.150000;6007.015004
6765.710000;11566.417104
10145.560000;10468.101078
14276.520000;7782.896769
6168.360000;1017.284539
6826.710000;7422.717533
5979.680000;6313.101919
4918.930000;6283.774530
9596.630000;9196.253924
5958.490000;6283.462381
6298.640000;6293.776768
4187.970000;7115.855196
19921.390000;11317.439808
2374.340000;8262.287665
6389.440000;10894.271389
2523.000000;744.495526
28794.030000;6476.649687
6695.550000;10667.712967
16268.610000;11765.830587
15510.850000;10896.090070
7591.200000;9893.690055
55.110000;986.334964
6078.990000;5821.909673
1753.360000;11768.198650
5628.850000;6759.741361
7555.210000;10720.292181
8524.970000;8749.541925
2518.710000;1879.795267
286.000000;7168.215290
13901.470000;9733.758365
7559.230000;8992.518358
3909.170000;9708.871646
7496.390000;10664.258753
5312.790000;13620.007813
6392.130000;5792.575619
17377.200000;7039.140632
3854.250000;-310.840831
7392.640000;9599.050049
9386.000000;6497.080994
13170.960000;7342.351361
3950.530000;5968.195796
67622.140000;14497.676611
382.940000;1076.717909
7222.340000;9877.101151
42184.380000;12990.184200
581.430000;7147.227197
17010.240000;11136.043955
13570.440000;14082.211405
12914.590000;11557.622121
13440.840000;9845.587104
9563.310000;10010.499126
16435.090000;5400.660051
17388.140000;11677.325019
13993.620000;11499.239488
12120.840000;10265.407740
7327.500000;8030.182088
9453.560000;9149.103930
7248.080000;6775.222210
3819.090000;7826.122758
6366.520000;6504.279763
877.190000;2281.757318
7371.180000;12036.292808
16446.410000;11357.595737
13301.240000;11490.637356
3244.840000;11896.168523
7826.130000;8979.998589
6694.780000;6604.557637
30.120000;1490.906836
10490.980000;11738.046782
226.360000;5825.450123
11711.080000;15825.387816
5464.120000;11645.648155
10363.640000;6969.230320
10056.140000;10271.599563
2766.910000;2168.988083
8894.420000;7217.143967
7358.680000;7266.866815
5270.580000;2838.383191
11829.440000;6767.817680
1288.990000;6940.671266
7940.640000;6611.690203
60.000000;3330.298091
4040.640000;7468.283374
107.680000;-2314.210209
6231.680000;9674.483593
3695.800000;9081.091157
4808.650000;1036.523470
31594.890000;10677.066216
150.940000;1203.012449
4205.280000;6423.156320
4593.360000;7594.156515
48078.140000;6323.133835
10590.010000;6048.895318
1997.600000;10386.480386
17.670000;-991.080604
8367.370000;7877.126007
9853.040000;7789.374298
6536.810000;6063.759589
1828.670000;2598.497278
7047.520000;6824.797638
4375.160000;6732.517953
6113.050000;9063.717715
6899.810000;7764.812770
10056.540000;11376.976744
8431.100000;12956.439262
4758.190000;11652.362863
7295.460000;7882.071607
5961.700000;7092.663388
5021.190000;8034.402614
4008.870000;7202.850511
4200.000000;13905.836643
3637.510000;7456.958666
3600.000000;7336.330142
3612.060000;7311.929060
4642.130000;7319.097136
6844.950000;9650.256780
815.350000;-1096.969326
8137.560000;8855.982276
2320.000000;4165.024377
4932.230000;5798.778240
9252.740000;10193.525487
1058.410000;1228.784226
876.670000;925.215248
2349.770000;3358.252962
4554.420000;6110.086136
7237.660000;6022.334427
4285.790000;4484.423467
1677.780000;1065.593892
1010.000000;2717.411395
2993.020000;7906.069050
6845.730000;6146.509905
6077.960000;6081.822078
10161.370000;7721.920422
7663.190000;7575.744392
7991.280000;5997.598535
16289.680000;12442.307012
3600.000000;6708.182442
11597.820000;8221.843621
8339.080000;9528.199100
7192.550000;10306.034266
3345.260000;4496.584334
1216.230000;-135.914508
5585.970000;6885.543711
12025.280000;9346.714261
6988.440000;6053.612023
5947.820000;6324.221535
10035.500000;6800.505793
2238.460000;6337.550933
2025.270000;3267.194092
2066.680000;3466.061665
3453.880000;5645.922640
2693.300000;1938.234981
3897.240000;6909.387192
12560.000000;10281.410348
2150.530000;4520.457888
4046.380000;5124.638400
7964.480000;9420.765706
7479.710000;11626.297659
2074.850000;6085.422856
2471.080000;5997.671146
10863.800000;7632.924953
3985.740000;6031.575470
4905.250000;7790.940112
3397.490000;5923.209156
10372.320000;6104.529623
14727.290000;6500.452027
8467.310000;11450.422643
2494.800000;4974.480586
575.820000;1492.983336
6473.320000;7908.453161
8532.830000;10388.193487
14646.170000;9823.252758
4226.500000;6581.670176
7014.400000;8141.967721
10139.650000;4808.517793
4457.170000;7435.116918
367.550000;1948.762822
11754.160000;6084.563110
5742.360000;5990.118671
5167.360000;7491.872318
6550.350000;7208.676569
1830.440000;5040.364970
7494.100000;6212.325127
4139.890000;2786.442473
7645.970000;6741.887230
3895.390000;6667.162344
13405.810000;6771.306515
6052.400000;6673.673111
7609.710000;2966.326518
300.000000;1263.338764
136.800000;919.104081
3713.130000;3010.992555
30067.010000;13211.714162
4700.000000;15055.461239
314.800000;-172.896306
7286.960000;7291.164234
9147.250000;6348.646396
6265.960000;9178.668234
3840.000000;5913.050957
3872.120000;6137.356539
69.340000;1075.380964
15165.350000;11227.972741
4908.430000;11944.287282
4005.050000;10578.825822
2155.480000;11028.787759
6715.250000;4809.842128
1714.670000;1758.952693
6492.660000;6042.774549
1932.480000;-882.275696
7603.990000;9276.951403
337.700000;815.245518
7009.830000;7467.865294
3295.220000;1905.872164
3600.000000;7906.283142
5631.120000;12264.630259
3365.830000;12675.998807
5580.370000;7778.338821
1956.710000;7644.634890
4774.000000;9570.401289
5830.420000;6181.785561
447.890000;2081.481358
4795.390000;7394.606572
1529.220000;4355.860512
5069.440000;20064.876629
178.900000;13505.821962
23651.550000;10826.464429
1957.760000;2253.531826
3742.070000;4300.742012
4927.750000;6733.251228
9176.760000;10199.889340
35413.830000;11300.938306
9768.540000;7625.136925
1823.400000;3347.821513
5316.970000;4512.720412
8484.370000;9306.550553
2991.140000;4346.522179
5791.670000;9029.525572
3998.990000;6423.140961
800.000000;1806.735486
9702.720000;7089.458128
3862.480000;274.226207
5091.660000;6168.600440
4117.210000;9379.041812
683.490000;7332.926691
879.000000;240.970080
6979.590000;6898.204972
4003.680000;9554.685730
750.810000;-1050.207389
270.730000;892.408681
4533.950000;6627.139253
5301.500000;7859.423583
12830.690000;13556.878016
1239.570000;3647.442815
600.000000;305.909361
1646.310000;-2308.815668
1729.310000;4699.056514
6976.450000;6667.493078
2460.190000;4411.600810
4800.000000;6570.632553
6644.100000;10218.492728
11676.730000;10634.856916
3446.850000;9043.022893
3538.100000;7023.006193
11212.170000;6066.228507
7230.070000;6249.852962
5238.640000;6442.976651
4967.750000;7446.771853
13276.360000;14080.715538
7571.980000;9888.126234
44059.310000;14202.009735
5472.220000;6138.089955
5556.850000;7618.207705
13307.750000;8964.804211
7399.850000;10031.097163
2645.410000;5587.349880
5169.410000;7077.093837
1745.740000;3458.492192
7670.150000;6753.337700
7721.170000;7349.992392
4492.370000;10205.027368
3606.110000;10146.862585
8142.390000;7832.065703
9519.040000;7944.997106
1932.590000;5196.544286
7465.520000;9204.306618
1909.940000;598.199762
648.330000;779.177643
9739.630000;8181.318768
8838.740000;9973.849864
724.810000;864.529534
9612.910000;5312.556673
2272.730000;5594.639783
13889.690000;9773.219900
15006.780000;9454.181909
2196.320000;2366.820506
6932.210000;6909.397165
3033.490000;8854.386256
5508.830000;6121.092848
3114.300000;4648.347414
2605.800000;4388.012100
6152.400000;7146.695424
635.550000;4558.957782
4409.900000;6799.253378
11932.330000;7667.088302
2916.110000;3718.094407
9297.390000;5887.017692
4696.400000;9359.511506
468.980000;7390.779005
11686.040000;3174.325470
3422.140000;3376.218949
11157.760000;7825.527685
1048.190000;4364.685970
22050.830000;7779.526277
1963.280000;2480.274965
8744.230000;7709.270979
8243.220000;7637.482642
7738.620000;9683.584115
7496.820000;9741.460280
1534.310000;-1050.600731
229.160000;-1050.600731
10595.490000;457.151950
11460.650000;6300.828651
3693.410000;6027.951365
5251.910000;6417.494229
6279.740000;5861.039838
4024.270000;7525.114716
6271.710000;4815.664753
11152.890000;9713.339887
11016.630000;9689.868158
7371.010000;9646.251840
26139.760000;11560.781726
10403.730000;11159.466488
3669.580000;5603.882611
8329.690000;9387.962563
23096.610000;6054.901709
10300.450000;9221.534552
23466.740000;10669.178219
1956.380000;4598.693255
6749.680000;7469.263843
903.400000;5407.432907
5442.510000;6377.251611
7320.900000;9763.939595
2465.080000;5507.172981
2834.210000;5735.697711
8977.780000;6608.879121
3474.770000;6696.890368
3320.870000;3912.705023
1807.670000;4411.759161
11045.340000;8102.202432
40231.370000;11060.963092
5795.860000;9431.225893
6772.260000;3405.549546
5117.580000;6954.474086
5000.000000;14268.743637
12070.070000;9554.364708
12168.050000;8127.648001
1685.190000;1117.189606
7781.560000;5992.368775
1305.280000;7157.693840
17944.870000;10784.926173
8741.800000;9458.156870
2158.610000;5267.765098
16484.880000;9537.548412
6075.770000;8067.619733
8921.160000;6504.643391
4256.490000;7813.754683
8573.790000;6574.211210
9166.980000;10032.940073
11419.420000;6553.229178
4188.310000;6509.353324
7981.470000;7985.446697
3560.550000;6805.372499
4489.920000;9205.630565
9688.330000;9509.392464
568.230000;2195.619302
6210.790000;8122.747163
4732.810000;6271.210871
9772.810000;10401.703016
7900.280000;8208.451157
386.750000;2811.062053
4595.950000;7937.099040
5043.190000;1852.756076
1533.680000;5831.627270
494.900000;5695.436710
5864.830000;6682.768840
7217.050000;10674.177033
55686.560000;8035.946428
3356.600000;5225.608030
14530.780000;9511.389613
3522.260000;4502.066606
3772.960000;5663.290340
173.190000;5665.402072
19483.980000;11185.923307
12883.680000;6254.292453
346.890000;-1026.562829
18301.240000;6610.772785
6304.150000;11205.508800
4811.770000;8433.684114
1632.070000;3073.767246
7745.970000;7612.066660
3708.290000;6528.872585
10990.560000;6698.671084
3794.990000;7780.864475
14097.850000;6586.501349
8397.270000;10273.938989
7278.000000;6602.426955
4243.560000;6605.123043
4870.250000;5829.029841
2535.110000;5641.598706
8079.240000;3201.424675
7461.650000;10354.904881
7454.880000;6689.565163
4547.030000;7001.327503
7188.490000;10980.346167
1225.940000;910.115087
3533.690000;6587.839710
2679.230000;2891.717146
7460.070000;5682.197393
8655.160000;6319.179001
10807.480000;7510.513604
11852.230000;6396.123977
2840.240000;474.991402
3570.740000;6228.279283
20177.950000;14322.071651
9662.470000;9471.211199
4856.000000;6252.490954
3711.000000;7458.004383
1483.720000;-934.180072
32161.030000;10240.442919
464.250000;1882.799111
4196.450000;7363.679583
14053.150000;11146.213367
7597.320000;10479.955356
204.940000;819.675397
4811.820000;7670.623849
5080.520000;7256.496841
5977.750000;7958.554670
707.550000;2894.917210
12481.900000;9037.748353
2530.750000;2937.554753
5541.710000;7961.199998
1687.030000;3989.645790
3669.230000;8918.162291
2903.410000;11295.083533
8652.380000;10642.514610
3797.410000;6409.046479
799.430000;984.042720
869.370000;4570.964621
5339.920000;7715.767246
3659.770000;1886.393668
10745.280000;5973.088539
3550.380000;6055.394866
124.220000;874.690537
494.060000;-974.312499
11428.640000;10051.416714
3470.890000;968.563108
573.460000;-845.059413
13285.420000;11716.244572
1680.320000;4393.751903
9469.380000;7265.918756
2929.810000;8666.871381
7344.890000;9564.705502
4643.530000;6181.933921
4373.270000;6302.094515
11721.550000;9940.626075
13584.290000;11887.669080
2204.960000;1222.779617
3144.870000;7498.146548
10747.530000;6503.428384
7529.220000;6027.227174
1638.950000;3370.216022
5955.780000;7601.707019
8109.970000;6046.977491
6986.280000;7884.694827
2860.940000;3637.121261
2987.970000;8817.852524
5611.620000;5995.391753
2889.270000;9038.547801
4191.750000;6971.069855
9389.220000;6971.069855
3973.670000;8881.915718
920.060000;866.631089
4465.130000;6582.079340
1502.920000;9828.176088
13753.890000;6443.317259
3683.960000;5960.682857
7392.430000;1979.142053
4831.340000;6087.643651
1395.020000;11243.425298
7983.540000;7923.985106
398.500000;3202.694915
3881.920000;9168.301993
4250.290000;5496.543070
326.280000;-1074.346745
1154.750000;6264.241551
11744.400000;7454.317424
6378.570000;7201.433986
2138.540000;3057.515159
3488.230000;3430.089517
5634.640000;6426.300836
6681.000000;9445.026723
15457.800000;10015.332409
545.830000;1317.240146
301.200000;-1667.452907
15011.910000;10698.953414
21761.100000;12412.704277
6418.740000;10559.902708
647.110000;1152.583771
3018.770000;5948.623309
6076.110000;7922.664128
2019.100000;-170.769647
1752.930000;941.804230
653.940000;396.856629
2986.910000;1292.043777
7778.390000;6295.091976
3680.530000;6280.543511
5395.200000;6170.186222
4408.180000;6035.149357
124.250000;2234.018828
4305.830000;5914.814139
1899.130000;-104.610586
7429.980000;6183.369483
3914.260000;6271.121192
2053.830000;6130.619232
2176.480000;4789.335466
6622.050000;6813.926566
733.810000;806.494925
3894.400000;6249.453482
2334.150000;508.401385
4325.490000;4041.087388
6793.500000;5845.737082
3529.590000;5240.543467
900.000000;9159.037593
4429.910000;6646.338120
5016.750000;13858.966447
7592.390000;4962.651679
5054.590000;5843.480312
7815.030000;166.215576
7919.850000;7014.154989
6630.330000;5844.712018
2540.860000;9873.465313
5306.150000;6432.399364
4096.540000;5902.866828
830.800000;1960.400918
4767.740000;6367.513449
13304.520000;10862.199351
1752.930000;10063.706080
12568.870000;9623.872471
7540.720000;3406.205241
11723.570000;9086.250653
6057.290000;7863.340483
6499.780000;6474.727437
1013.670000;5176.597354
6876.220000;875.165586
9460.070000;9123.915419
4151.120000;6093.901494
6193.410000;7578.460167
8270.540000;4942.314295
7920.440000;7086.572303
3719.690000;5686.570676
5383.610000;5604.553727
3747.050000;5959.737340
9503.130000;10490.541494
12571.220000;9536.643508
11796.300000;8946.107902
9725.280000;10391.028774
6757.410000;6738.130230
782.070000;1284.031269
18035.800000;9183.659862
6705.320000;9812.583709
70754.350000;12127.674467
7266.520000;10819.219399
3260.250000;11206.274789
4103.430000;6899.095314
6387.890000;11103.495593
9766.760000;3103.215770
868.080000;4592.730904
5386.030000;7786.502107
1772.060000;1973.420927
1731.110000;10176.251436
3610.750000;11367.281508
44653.790000;10951.688900
8733.580000;7114.752221
3021.870000;5135.362957
4165.880000;1254.869994
2449.830000;5710.894531
2740.590000;6857.753182
3203.620000;6170.046389
6164.720000;1116.219777
6135.320000;5683.484918
5590.460000;7182.827406
870.740000;826.537345
3535.720000;1798.474209
6886.960000;10326.048607
3961.000000;6123.358846
3035.080000;6007.257968
14098.560000;10344.761055
5888.400000;9707.868443
4627.440000;7296.118156
4491.630000;4607.612703
30401.780000;14946.541289
7396.980000;9552.444653
8372.990000;7102.564898
1030.100000;1405.743478
2704.050000;11596.379231
8967.160000;7570.119011
559.970000;813.938717
3600.000000;6593.645003
6972.250000;6580.189322
3680.360000;6277.955567
5390.000000;11097.924491
7152.590000;11671.416281
4240.430000;8373.568875
7271.940000;6120.074709
8087.590000;6139.549482
1679.800000;6512.797882
15679.680000;10595.857484
3316.590000;5885.559342
5331.040000;7707.934238
7493.560000;9196.632572
11231.850000;11683.129796
15827.740000;11212.854802
9923.940000;10067.817815
15243.640000;8722.862195
10220.530000;9630.684798
6953.690000;9458.627420
3209.280000;10097.596332
225.250000;6570.208104
3021.230000;5108.118114
3786.480000;4308.645188
8720.210000;6618.532574
9360.880000;8122.166114
3012.050000;1301.778362
4129.630000;6015.153140
4497.100000;7296.505334
3781.490000;6110.956673
7833.820000;7790.595551
3869.180000;7454.014902
2432.810000;11192.527824
10166.330000;11228.157809
3438.830000;7102.763766
3905.980000;6192.689226
5808.830000;11427.452845
1221.220000;3301.529405
5968.340000;6538.967988
3503.820000;7675.944943
4446.140000;6493.970713
10076.720000;7195.812778
8414.870000;7926.515727
1045.440000;3421.796669
300.000000;2934.647606
12110.240000;11361.285109
4176.690000;8772.640083
4266.130000;6573.735330
3522.580000;6161.137864
7540.920000;3796.992463
2347.370000;6523.716976
5002.960000;8035.258187
1769.070000;12890.084247
9586.180000;9611.608324
4038.280000;5935.271536
903.750000;992.931259
4874.160000;3670.292247
5226.910000;6220.475190
5945.090000;7609.617066
876.170000;8385.971836
2240.660000;6033.905903
9102.190000;7891.475278
7524.560000;7891.734816
6346.170000;6371.797175
2495.640000;2395.340625
1956.240000;12371.236169
13998.060000;6301.154217
7987.180000;6754.169698
7733.280000;11495.239711
8010.350000;10445.040388
9430.960000;6666.677526
85777.510000;13638.448151
3608.600000;6736.014890
4086.120000;14394.988745
10626.850000;10244.865090
168.500000;4605.712910
240.860000;3501.544721
9460.500000;6222.058415
6053.120000;7129.284407
3844.550000;6537.818275
12982.970000;12046.501339
9036.070000;9481.137541
11375.880000;11284.992666
345.720000;-1064.396304
3750.470000;11121.932334
4798.050000;7962.409672
11152.120000;7762.764709
1077.420000;10805.731198
7415.640000;7739.576481
8344.940000;6074.722991
2000.030000;11123.479517
861.610000;6315.916107
7835.160000;10864.728689
14332.270000;9508.631997
488.440000;1908.837811
162.190000;7525.621241
13432.450000;9748.636951
3411.360000;7192.962208
1435.030000;5789.002532
4261.000000;7974.430901
4638.290000;10003.781581
3240.000000;11188.364111
1634.910000;8292.959559
4400.000000;8163.576216
11254.800000;10841.629064
17242.480000;11621.282055
5968.410000;10949.445419
9313.650000;6255.908971
6733.540000;9708.408937
8249.090000;10382.168825
6761.110000;9900.601775
7202.580000;6232.747991
4871.090000;11217.136685
3516.770000;8188.291362
4233.680000;11356.080735
9684.530000;6723.231621
2946.290000;6117.945987
29103.150000;3686.648953
27164.280000;12290.384940
7854.140000;7636.515546
5.650000;2097.771325
3331.520000;7628.376338
3517.860000;8484.834592
3801.770000;6271.351712
7321.320000;9645.957486
2100.500000;2489.363425
6000.000000;6717.615219
11382.700000;10132.629215
17299.290000;8341.991248
19697.930000;6476.657572
823.760000;7365.926378
1195.570000;110.989460
4281.030000;8208.968865
8616.890000;14337.262299
1659.860000;6300.569784
6226.850000;7512.957980
700.000000;5514.120696
8786.200000;12558.928450
1999.790000;2808.547263
3476.220000;6237.541469
490.000000;750.732592
10285.950000;9985.024375
1102.280000;2048.926190
3400.940000;4885.753202
2608.200000;7726.393370
4699.940000;8397.583396
1738.300000;3801.667353
58.500000;2723.108019
5291.800000;5047.127404
1800.000000;3385.378098
96773.640000;11848.526354
1737.720000;6236.246875
6802.050000;10313.867697
4176.830000;6395.967090
4848.490000;7328.470447
6346.470000;9234.957849
710.000000;4655.092467
2760.000000;8985.819135
7381.000000;10553.256531
1380.000000;4369.910408
1905.420000;6196.233858
5304.090000;7525.942044
4733.420000;6530.445268
3339.880000;4440.640864
3213.050000;11844.134217
5911.950000;7708.702923
11897.240000;6778.930353
5202.890000;9052.563364
8242.480000;3160.720865
10500.080000;11316.876263
5622.960000;11174.338067
13019.050000;11336.169668
8353.850000;10966.977665
9417.360000;10077.222105
17377.200000;4022.671222
5490.760000;9386.330256
8401.440000;7907.195882
6950.880000;7863.320027
6481.840000;8987.346750
3643.440000;2804.823726
5385.160000;5815.130363
4504.980000;4533.101150
159.250000;5893.176894
12000.000000;4931.796552
2736.940000;7434.552645
4101.250000;9631.486508
5768.590000;6426.905108
4519.310000;6358.368635
1217.110000;5899.518568
9655.450000;6181.667593
1621.370000;2656.539117
4360.650000;9648.975562
6046.590000;8622.030397
6002.080000;7603.893203
11424.010000;6220.929840
5818.240000;6396.952334
1647.520000;-494.527087
5346.900000;8028.770412
5277.190000;7723.438906
4102.350000;9442.548347
4800.000000;6484.812175
4407.430000;10028.988175
9970.320000;10073.123567
2562.920000;2750.318301
4304.930000;6536.577252
8478.770000;10363.751208
6354.240000;5542.238671
870.000000;-108.123735
2592.340000;3103.550031
6308.310000;6673.960095
4310.800000;8869.060411
2954.120000;4290.404028
11159.010000;6154.213808
3494.570000;7729.430236
6919.190000;5014.327676
6833.080000;6469.700224
1658.490000;916.385808
1906.390000;1231.945571
14235.890000;9977.296023
14690.560000;10774.982569
3905.350000;6275.642100
11395.750000;10006.030171
5823.430000;9918.278461
3500.000000;13604.177868
1041.950000;2831.288083
4870.360000;6589.414929
9411.060000;7882.986567
5503.910000;8467.850107
11438.660000;9637.850406
6874.180000;5956.613121
3634.550000;7585.427451
290.000000;-100.618014
6099.540000;5909.368041
7748.480000;7900.100665
6220.690000;7885.033124
8361.020000;9678.126393
14344.000000;9460.003463
3480.000000;6247.378086
3480.000000;7497.055987
8058.020000;10138.459288
3086.350000;7674.453492
1116.750000;1649.896061
6130.130000;6712.778003
2182.870000;9037.328975
10184.630000;11216.925483
2848.730000;13076.429974
4427.220000;10566.312585
3448.150000;6186.591916
6597.810000;7727.668619
6906.380000;6058.566214
3054.540000;1807.980218
8053.630000;6513.815052
3461.840000;6330.506237
4015.290000;10175.906579
3505.850000;6763.129869
4845.740000;6727.523051
3569.870000;6371.820363
268.590000;1215.286658
5000.000000;12441.543472
5580.000000;12397.408080
3314.450000;512.731716
12711.580000;10467.547935
2078.380000;2472.904266
5936.330000;8689.608860
16080.530000;11828.736928
5489.080000;5680.708285
8139.240000;10856.059680
5512.620000;6588.827847
7432.230000;9722.676847
5543.120000;7696.136362
3600.000000;7598.762494
814.090000;1805.072462
5732.660000;9859.482007
5857.290000;4978.727391
8003.600000;7100.430895
5213.960000;9481.000276
13790.140000;6159.349262
13354.950000;11878.463134
900.000000;1727.491398
3879.530000;7929.788937
1127.110000;5753.723188
4295.740000;5937.044710
1738.370000;3324.414207
8501.000000;10924.058106
632.000000;-417.407031
3126.540000;3958.219210
7756.610000;13763.720241
4127.260000;8142.505925
28.960000;1110.493185
11725.800000;10626.543608
3487.780000;8264.052913
6630.330000;10754.186837
4377.010000;4784.942815
4212.640000;8337.820179
7196.320000;5667.075644
4340.000000;3970.191298
4860.000000;7931.304750
6416.050000;7803.843375
9542.270000;1451.424405
13622.480000;7993.804836
6864.880000;9966.674378
4153.480000;10754.375401
3220.000000;4102.549792
2100.000000;3269.659114
4059.420000;6567.274703
9563.540000;12157.596232
11721.720000;4109.309521
3568.750000;8015.236938
1927.690000;2107.402105
1019.570000;803.800356
5281.110000;7323.472718
2537.070000;11797.480225
3600.000000;7524.283935
3371.620000;6277.982011
1652.390000;2990.424958
3317.370000;6987.851422
8900.000000;8158.440623
9062.020000;14974.222453
26284.020000;8903.524396
14872.390000;12734.364687
12951.440000;6322.844183
5056.580000;7016.881891
4323.610000;5827.017732
4693.100000;6382.595840
7773.340000;9394.738475
6758.870000;6312.148856
6360.000000;2936.736529
24.290000;6956.094616
10.530000;3021.187135
5337.780000;7837.420299
8313.820000;10048.400046
5017.610000;9032.038983
7131.850000;7894.475137
28686.090000;3379.706005
44943.000000;1753.308623
8500.810000;5195.279510
5035.650000;13540.969696
5852.710000;15154.137149
5672.180000;14722.942816
4031.980000;5642.138752
21617.820000;6587.998529
11963.040000;9164.538625
4896.470000;8813.012713
4618.420000;6192.029210
17525.640000;9405.512107
7567.200000;7462.395025
1289.390000;862.243376
6472.230000;7784.274383
6760.250000;7339.092105
9313.360000;6203.405683
3774.480000;6260.781120
104.260000;239.052265
9348.790000;7559.072269
10966.210000;5439.365951
8150.920000;7777.335328
4335.440000;1744.293858
905.620000;1531.935009
18294.740000;6058.835806
16421.740000;9216.624199
15444.770000;9428.486694
6393.620000;6342.488668
1118.420000;9233.218238
2432.810000;3866.987160
4057.630000;7721.730245
3498.660000;6495.296857
10167.130000;10206.644717
10455.180000;5973.280861
8400.000000;9760.495487
6600.000000;6235.662218
5592.640000;10366.925229
10834.390000;10606.765480
3804.700000;6274.276789
3524.540000;7422.017021
580.000000;3072.117688
816.050000;4411.374475
5272.420000;10446.269162
6696.060000;8988.755632
86.850000;4621.050249
4540.030000;7266.433510
5410.120000;8160.091133
4763.340000;7705.647926
827.170000;303.509873
5501.060000;6724.029576
3812.540000;6611.617248
23491.600000;8024.278100
7873.470000;6613.518155
788.470000;1147.875539
10536.150000;12127.538801
3791.200000;7326.663199
4134.460000;6104.840746
686.320000;922.090056
2397.110000;3283.447991
428.010000;-2386.396503
2286.950000;3559.045917
28856.750000;5732.177506
12114.610000;10254.371186
4046.070000;6824.163955
3600.000000;6712.163277
15434.710000;6320.038795
8554.200000;9833.435546
22868.420000;5282.290013
807.710000;1675.715745
20236.330000;4286.949959
3336.860000;5440.929386
1670.600000;7360.179753
3198.580000;3164.839145
4557.190000;9239.149588
1467.890000;4950.266257
5502.620000;9493.565291
272.680000;5078.055789
6644.860000;7016.855446
10365.460000;11568.404761
1218.230000;871.060563
4200.000000;7613.992874
3475.440000;4182.797965
6407.590000;7483.462691
4823.960000;7444.513144
8827.110000;7598.828953
11670.000000;9411.173783
7645.970000;14247.656508
12879.440000;7922.040669
3926.050000;7763.752651
4771.160000;6653.754311
15425.210000;7954.147278
214.520000;914.977545
2357.540000;1228.047696
12463.020000;7958.006761
6405.280000;8051.982465
8248.070000;5635.221256
1668.160000;2734.373878
1740.000000;5854.873293
6372.760000;6990.161250
2395.090000;4653.038862
44361.500000;15208.031989
24793.150000;15195.571999
6000.000000;10547.202673
8026.130000;13440.381507
4295.940000;7741.748784
3669.510000;7861.576036
7584.420000;8016.491730
2320.000000;4926.425362
17453.900000;3255.407371
16878.530000;11305.173475
10996.590000;9814.714169
307.720000;1852.557178
36312.720000;10759.744181
4332.780000;7430.894818
5747.710000;7518.646527
1900.570000;1592.798976
12998.990000;6476.659845
499.670000;989.343608
9968.200000;7334.297801
6038.520000;9070.498262
7200.000000;7742.501274
19221.180000;9932.620715
11137.280000;8629.852956
5788.910000;6964.959945
3826.740000;6637.789336
4667.640000;6537.355528
710.010000;912.666571
12085.860000;8108.113615
56738.470000;11364.476598
4022.460000;7291.447660
3549.150000;5795.807986
8854.000000;9337.548415
3600.000000;5962.010337
21654.580000;9315.532549
9398.330000;9800.650540
3784.910000;10372.015308
6830.400000;9088.342943
5578.530000;5477.135060
2863.310000;8330.916232
3600.000000;6282.225341
3060.940000;6455.932663
331.620000;627.121132
1668.210000;3448.435300
3967.790000;5290.015295
6773.020000;10668.283849
15773.190000;10065.496396
6964.040000;6806.889202
11987.830000;10401.641407
7357.190000;7782.653576
7848.790000;8148.516680
12445.970000;10730.034811
8838.660000;11575.116638
7406.660000;11531.500321
9439.500000;8414.374783
824.990000;3369.995784
625.910000;3097.581384
480.040000;423.367973
1784.460000;2413.141523
10723.420000;10580.838407
7884.660000;8630.291010
313.350000;1125.578468
4758.120000;6371.733195
7231.940000;8619.228473
5439.830000;5086.775925
763.300000;931.164888
5334.140000;3027.480653
4154.580000;11420.909941
468.690000;5841.503598
6940.050000;6978.266918
547.380000;1741.871028
1140.830000;5968.891803
3478.020000;6173.722610
996.960000;5841.573800
9587.780000;10295.050744
7885.340000;10163.423180
5102.720000;8096.315691
16320.170000;11680.183683
6113.350000;13129.386229
10182.350000;6486.185798
6243.900000;7788.554020
5631.950000;6800.629406
3376.010000;7945.260837
4777.710000;10846.959255
7770.680000;6165.929513
1975.210000;9098.500426
7069.380000;7216.454565
604.530000;-1164.492082
5514.060000;3505.945671
1652.300000;1466.149057
5071.620000;3471.393156
27293.180000;9945.475364
9188.310000;7347.928309
32180.850000;9464.786346
35887.740000;10742.052734
1390.180000;6088.186616
12801.640000;9921.251255
1931.780000;509.167949
15640.810000;12225.623963
2852.760000;10982.110665
81738.490000;13997.784608
53316.900000;13997.784608
4228.100000;6423.912474
4956.490000;6272.810137
10168.340000;9982.249433
4378.710000;5497.130295
5434.810000;7641.287192
226.480000;1031.023390
152.330000;2357.977006
5078.950000;7735.115384
11972.870000;9547.215293
5004.770000;6629.245598
3175.010000;3497.337320
13840.430000;6218.590670
1387.970000;2013.230984
7331.440000;7415.439701
343.920000;-912.355977
19188.120000;9653.582692
5607.390000;6526.034177
3507.300000;6138.978787
1026.690000;2737.217028
7555.530000;5803.478670
9025.740000;6492.554386
13010.250000;10989.612828
2462.940000;2409.153502
3898.510000;10382.464722
12885.270000;10073.343619
6579.530000;10049.692070
5243.570000;7516.803120
54828.070000;9916.826288
12118.040000;5900.283891
5092.440000;5645.715832
11199.890000;11113.366861
8898.520000;11069.750543
10980.940000;14324.145260
434.430000;-101.249653
8668.940000;10834.873393
29210.530000;15451.023393
33577.600000;14152.405176
1100.340000;6615.454345
7976.030000;7873.370259
5279.490000;8923.236553
4246.330000;8031.175897
11356.780000;10153.087366
8905.660000;10375.366513
3823.120000;10355.891739
9610.480000;5565.561455
4858.550000;7942.787921
19227.880000;15644.983092
19930.850000;11591.332780
8467.680000;11591.332780
6640.690000;11225.913643
19661.560000;10688.235623
15186.360000;9215.030753
289.800000;2357.560193
18125.250000;11234.412674
1649.370000;2284.781089
6569.780000;9911.353856
6641.350000;6545.756482
4238.120000;6821.793655
4219.510000;6124.608616
9539.650000;9353.964705
7259.050000;5840.341355
12031.070000;5914.323210
9926.360000;11448.308204
11618.020000;11472.421100
4341.830000;7141.219732
14630.370000;7778.960949
6536.310000;6757.151424
4970.850000;6664.473407
7967.410000;6125.152026
9348.310000;10762.353837
5885.580000;6390.831750
9749.650000;9115.864844
12867.490000;10879.404737
3382.050000;6937.245809
7065.030000;6893.369954
5142.720000;10747.333378
3535.200000;10586.234546
4157.760000;4647.186280
589.320000;1081.771597
28207.820000;10868.461293
5294.780000;6105.814406
3523.220000;11266.082814
5564.880000;8214.270064
3630.200000;8920.905836
4824.850000;7076.254958
6892.960000;1355.851765
9919.950000;6427.692443
6623.250000;6805.339064
6441.420000;6955.001714
8256.340000;2568.093254
8847.940000;10623.037748
5357.900000;6964.409288
15485.860000;9775.769873
1800.000000;2587.698572
2206.510000;7910.774837
129.720000;6705.137879
6600.000000;11819.239745
15586.880000;11544.120302
7094.820000;7931.958168
7634.770000;8948.992666
8554.620000;10623.288932
10090.660000;11872.361155
3600.000000;7166.188406
2009.670000;11812.997414
5117.340000;6875.823009
2433.500000;8105.573993
6556.600000;10942.463213
417.000000;6969.837911
381.990000;1623.230197
17961.320000;9451.286822
11303.420000;10726.923029
6515.170000;4838.387263
5037.730000;5935.924677
13029.430000;3011.502582
22139.760000;11502.244099
498.280000;-716.713022
16383.430000;9844.044704
2834.790000;820.881092
5947.430000;6256.921944
3782.220000;6168.035664
4401.820000;6968.902832
5506.720000;7301.871794
15858.560000;7597.679038
33699.310000;10153.094244
6003.660000;2056.376247
6802.890000;10013.950979
18739.310000;10268.421522
16789.470000;7664.466196
3486.430000;3488.232707
9304.550000;5901.473396
14208.760000;8060.467656
15708.250000;12665.427118
2808.880000;8973.156928
7077.390000;10308.907342
14788.130000;11287.409482
3784.870000;7846.556468
8420.220000;10012.505284
5277.410000;7160.726131
11792.770000;7147.074491
6771.530000;5892.459850
4246.170000;6082.498241
15279.750000;11024.385177
3959.460000;4624.129722
3600.000000;7955.519631
7197.810000;8937.598984
5612.950000;6992.207399
12459.970000;10485.214136
12214.470000;12024.496792
3514.380000;5753.146027
6603.940000;7109.149827
4920.220000;3470.348570
4547.750000;2550.337392
6554.870000;9617.013981
372.070000;1683.156083
21170.060000;12273.502319
5135.530000;3732.199146
8046.990000;9880.111942
1092.960000;1930.754705
19572.310000;11105.724347
11987.330000;3777.486456
13614.010000;7684.607650
15591.970000;11176.894400
11538.720000;11220.770254
7395.620000;7568.396201
3600.000000;6679.678067
3600.000000;5953.782385
8504.480000;8936.373967
12540.800000;10193.417472
11540.970000;6700.112411
11546.930000;11037.883689
8525.980000;9153.922873
4301.690000;7593.016618
3794.870000;5972.958634
8199.360000;10431.302765
7569.390000;6233.148347
7750.230000;9479.770694
40655.420000;9583.628093
5782.540000;4958.131669
269.780000;1928.612647
12953.420000;12075.168166
35972.060000;9278.961980
544.320000;-961.869997
12347.030000;9461.944841
22217.850000;9535.148085
5604.680000;14128.076829
3587.340000;4152.173748
3799.560000;5964.349334
2313.380000;3981.778012
4055.770000;5828.369050
10712.740000;6081.766783
10941.930000;10586.964412
23642.260000;11411.490714
3553.580000;6866.238982
19161.060000;9649.791293
7144.150000;8312.014155
12253.490000;9532.293859
2914.400000;2782.834471
18509.990000;10667.057831
8041.480000;8993.771261
6672.090000;9176.021488
10225.900000;14365.433243
14628.770000;10986.318150
14812.960000;12206.899119
10170.570000;10263.064524
718.590000;9913.561679
13322.520000;6945.034341
8264.100000;14830.998542
6331.810000;16005.166619
20449.780000;15075.079922
11172.160000;12590.720224
8971.010000;6995.462656
86.670000;-507.795540
3600.000000;7379.366951
14688.540000;13691.427726
6055.020000;7052.148754
5686.270000;7183.776318
4550.100000;5848.025904
1042.630000;3526.016338
20488.460000;13065.592482
10358.860000;3071.577203
5227.250000;7036.355498
4350.490000;3019.356935
2284.200000;1961.547680
4884.520000;3017.235750
2105.540000;6654.063478
13869.030000;2098.643642
1882.680000;3014.927612
7939.210000;9093.016722
8344.590000;10571.217216
459.240000;1294.109799
1883.980000;2428.151097
5076.190000;7037.185065
1754.920000;6142.783631
12233.670000;7424.987503
5431.110000;7351.784260
15026.890000;9615.549623
18530.730000;5329.378349
11031.870000;10459.188803
8256.710000;13223.280888
20937.320000;13714.279754
19752.090000;13486.030031
2419.490000;4079.388871
7800.000000;11566.884566
6123.000000;9563.234955
5730.680000;6522.608394
410.170000;898.219211
4403.310000;6372.255589
1784.120000;2723.515641
8552.450000;6592.353820
4564.450000;6532.660893
2109.300000;5948.579325
7228.340000;11874.685942
4068.800000;5528.338042
8444.880000;4115.034031
183.530000;2945.577143
4200.000000;6130.237647
7200.000000;9355.311982
3822.030000;7038.549446
7800.000000;7699.663527
616.530000;225.963178
5017.560000;5870.687378
444.340000;3010.756650
6035.990000;9252.133909
6866.720000;9958.735222
6423.770000;5646.398494
8909.000000;6162.869671
4936.740000;7515.581110
1972.030000;2293.504889
1396.730000;3793.118010
728.880000;878.492344
2237.990000;3773.441218
6677.720000;9311.558201
4200.000000;7190.884266
5889.500000;9518.556240
11704.610000;7215.764934
4200.000000;5838.493381
5400.000000;7154.890994
3747.290000;6924.776026
6513.470000;3076.124761
616.530000;-10.034442
8400.000000;7464.674977
4045.480000;6814.452996
4302.840000;6814.452996
4211.670000;6243.190601
1349.760000;6167.674676
9913.200000;10313.620324
13158.380000;9214.324308
6834.530000;6036.940314
2911.910000;5929.713831
11646.430000;6152.816479
6139.060000;9372.686392
8992.920000;7117.426681
3964.190000;9458.648459
3607.330000;6563.481276
1591.330000;1430.226027
541.340000;-1602.721888
7859.020000;7767.446782
10636.190000;7168.307959
5260.460000;7117.689034
2186.120000;1444.734524
1745.980000;2022.603916
3934.150000;7026.353126
4200.000000;6255.949385
17923.020000;7519.108523
15291.640000;10083.598368
5418.330000;8957.671124
10641.500000;9948.189185
8018.520000;9778.131149
2635.540000;7334.029203
2660.790000;3215.671680
6936.420000;10331.839383
9823.240000;9144.101805
343.200000;-24.194389
4939.720000;6159.106165
7027.340000;10632.744924
132.690000;10228.989606
21826.230000;6638.621718
4910.530000;6455.300196
4942.410000;6233.713464
3846.050000;6239.158846
499.280000;2903.495003
5247.920000;5377.305189
1997.610000;8038.916375
8478.640000;3001.183786
10195.700000;8231.225350
4108.690000;6173.085904
2384.480000;9588.482164
8836.410000;9708.719683
3600.000000;5956.300336
7669.030000;7957.284070
4010.670000;6096.869202
4387.140000;7788.992249
1800.000000;3757.786477
15929.100000;1682.325875
480.540000;-1010.407587
1048.590000;4731.167804
4444.770000;8279.655278
7688.030000;11128.640620
400.050000;9636.480051
11188.180000;6682.967416
6460.430000;6437.370299
5558.430000;8960.152846
4426.850000;6449.390233
4318.110000;8005.885845
6315.160000;6335.061971
3756.390000;3144.922163
10629.050000;9100.875875
4794.890000;7181.721548
4181.400000;10177.688148
722.330000;604.021994
7800.000000;7531.759981
6236.760000;1235.696100
3872.070000;10360.008343
5291.010000;11532.435932
39.100000;912.262519
3495.710000;11822.873395
4014.900000;11909.067880
3216.230000;11370.533298
720.880000;-978.658252
4756.820000;6037.666121
1378.240000;808.240863
1347.110000;-2031.564017
5040.000000;6184.569538
3371.420000;7353.760599
9203.480000;7798.357803
2707.010000;7412.032775
7779.270000;10250.561162
3758.140000;8174.934281
5122.530000;6718.990841
3487.570000;6675.109008
8246.050000;5682.095524
6677.600000;6260.029055
13941.020000;6552.121577
3800.570000;7546.023826
7924.170000;6628.945218
3920.070000;7708.751008
8675.800000;7883.475815
10429.590000;9260.478607
26775.190000;10643.721663
7387.690000;6571.985327
807.240000;2185.232804
7981.410000;6409.685040
648.120000;742.382446
3600.000000;6385.013974
6523.560000;4971.640456
9535.810000;6648.540313
960.440000;1947.924684
4740.190000;7668.531298
23480.740000;6417.006947
9993.560000;6300.113889
270.000000;3187.416327
8240.440000;9946.892974
16531.160000;9902.757582
1082.100000;2196.238019
3766.280000;6473.414531
4101.770000;8037.628474
10288.070000;10042.371060
12151.400000;10124.677387
23499.930000;10025.382715
13775.730000;10113.134424
23331.010000;2732.219677
3600.000000;7809.187564
4511.410000;6548.993910
647.800000;1616.322033
632.870000;-2100.898269
3496.810000;6936.204740
6761.910000;9170.322007
3110.140000;7334.512157
750.000000;-105.347094
3407.470000;3732.139246
3475.440000;500.097883
7268.390000;11184.016907
3492.710000;6298.870668
3564.230000;7707.946298
9624.340000;4789.136193
6113.170000;6856.347548
1383.450000;862.456174
9669.000000;14409.353028
5292.730000;6479.314189
4264.590000;7626.501420
3476.550000;6187.838864
3655.120000;6849.881368
5220.660000;6581.927267
11758.010000;9487.328238
1457.160000;4076.538831
6635.060000;7839.265088
1753.070000;11780.150702
4426.980000;7140.580464
11752.040000;10122.059181
7703.030000;6196.515943
323.300000;2256.733269
3812.000000;3850.626786
8359.810000;8994.439401
4681.930000;6070.861293
7203.250000;11693.807993
7195.750000;11310.228898
5142.330000;7729.402808
3081.060000;7592.589399
4191.340000;8574.878301
6812.890000;8008.634615
9627.900000;10955.773440
5932.710000;6473.829104
5867.550000;8956.574711
3899.390000;5973.014939
2178.130000;6715.654378
10830.400000;11451.880458
7555.390000;8099.710612
8600.180000;15127.425487
4560.120000;6971.071508
5438.150000;7237.215033
737.120000;3087.720869
11671.570000;5666.370371
1835.220000;6218.471318
11267.750000;9454.419166
6224.740000;7932.041375
9475.340000;6917.848437
7339.350000;6236.297345
8407.190000;9673.780134
8802.240000;7586.220406
1487.290000;9612.962131
4668.610000;6863.058743
7006.790000;8151.100717
1045.780000;1441.711176
499.150000;3362.011596
3917.460000;6386.775739
4936.330000;7621.126562
7405.260000;7635.183932
5000.000000;10473.605824
4415.660000;6299.499034
24746.530000;11903.338258
2790.030000;8777.441038
1074.360000;1229.894818
11924.790000;9938.563288
7409.990000;6394.418552
1088.720000;3457.953086
3681.420000;5996.277396
14736.700000;16317.921934
289.620000;2763.456084
12879.440000;6416.525964
4642.790000;6080.327129
1608.120000;2998.420264
12136.430000;9972.244417
4895.600000;10284.937851
1924.220000;11451.916108
636.820000;3382.278131
18440.750000;13902.676940
4329.470000;3118.045534
4254.040000;7085.813374
790.060000;783.778766
1800.740000;4062.695522
4800.000000;2026.322432
19584.110000;8466.496112
4826.950000;2830.864860
12265.150000;11567.382648
9377.750000;15659.601057
3370.600000;5095.701165
14824.180000;11970.945723
7023.230000;12467.172890
3941.620000;10941.173397
8570.400000;10843.828609
4430.000000;12334.184811
202.730000;7111.055068
3683.520000;3734.974327
13421.190000;18448.751913
6118.580000;6796.718967
6408.570000;7302.516692
4547.780000;8049.165890
7880.450000;7884.034162
5417.740000;9284.128681
693.750000;4972.614196
6282.420000;7697.525899
8536.520000;8201.029541
7387.080000;10089.468284
6226.190000;1205.476125
16765.120000;8256.005588
16524.990000;11605.335427
16099.560000;12718.721235
4211.520000;4529.397077
3789.820000;11571.939573
12059.620000;11498.736329
5114.430000;8949.316958
3610.870000;8355.145909
3780.930000;7989.168650
8932.820000;7337.322767
1654.090000;9190.263384
6658.600000;8243.275871
6556.600000;12428.924067
4242.680000;3236.905660
9272.580000;6835.769146
9050.110000;10122.252527
8065.680000;6843.057250
8897.480000;11491.737104
2082.670000;6008.799265
437.360000;651.543219
14590.860000;15210.894476
8412.470000;10772.566458
5315.520000;12925.669809
8095.170000;15250.117945
2389.100000;6554.657141
9579.090000;7652.194555
8000.000000;10895.270578
13032.900000;10851.135186
7192.310000;6381.774657
6443.100000;11631.408490
135.390000;1497.790528
19497.940000;11756.051563
16030.560000;11756.051563
11275.310000;9813.541622
7415.270000;12199.581175
6360.000000;12052.413583
2612.560000;2723.029198
7606.200000;10266.221912
2118.300000;9257.585144
6235.410000;9257.585144
2766.000000;2992.463343
13272.520000;12663.212847
5577.330000;6876.031208
5572.350000;6501.861046
856.850000;-623.216184
5533.790000;7560.550858
6601.210000;10426.576119
10323.260000;11509.851953
6560.000000;15762.593481
1082.780000;10696.431542
7505.720000;6710.576979
14304.660000;11737.067439
952.700000;9097.735649
15240.870000;19234.618433
16734.140000;10196.332709
4905.890000;10433.143966
872.470000;6780.528955
15874.280000;11841.413350
8014.100000;14781.097268
937.910000;2734.830782
4985.170000;10410.234044
19682.580000;9684.907691
57177.000000;10772.563410
5553.400000;10151.454740
4449.260000;11140.670789
800.000000;16108.054297
8414.450000;11671.994636
5710.000000;15803.191672
11050.360000;9727.220153
3608.130000;9975.499527
6909.600000;12379.786087
13362.900000;10270.768439
6239.330000;7130.030548
5637.910000;7130.030548
5708.460000;11978.309820
4481.430000;3101.968349
21395.930000;10458.123661
11392.220000;9758.910153
6602.890000;7865.120053
391.870000;2005.352441
10422.960000;9957.565313
6057.290000;9359.823127
4568.330000;7350.209058
5225.120000;5642.229245
3568.560000;6798.000090
526.940000;1013.595469
9042.760000;10979.682829
2380.290000;6954.052399
4992.970000;9088.966853
3600.000000;5629.111851
5712.220000;7843.113298
20316.000000;10955.559826
6091.980000;7736.221701
362.000000;-587.339315
11314.290000;10691.433056
6505.020000;6897.943433
12631.580000;7308.182283
179.850000;892.147141
5493.570000;3916.805148
4448.620000;7333.686097
4591.050000;6728.174785
11897.990000;8570.599738
5327.530000;3634.332131
3600.000000;6369.829574
12205.630000;7229.170801
6742.280000;10756.241013
2365.020000;5021.114764
14718.940000;7718.937740
4787.990000;6017.895737
71612.230000;9605.403135
11751.870000;8037.375015
123.090000;3111.937811
17094.280000;11851.550424
8527.530000;11201.112510
20497.810000;10296.939812
1441.890000;8920.947524
1792.860000;3603.257734
11138.800000;16313.752751
565.240000;2202.623037
8349.060000;7197.027841
6030.910000;8197.191387
5297.600000;6651.400955
5142.790000;6524.440162
525.450000;5808.137558
4431.080000;6539.906232
9067.680000;6443.875551
17116.540000;14666.355680
819.740000;5686.984176
19783.690000;10087.870216
5580.080000;7625.959933
10798.750000;7819.047167
12857.310000;11517.428455
12654.580000;10062.711194
3904.330000;7987.810960
11806.150000;7075.168665
3512.110000;5578.545353
457.450000;5553.884734
26584.330000;11660.454922
14873.060000;6242.384643
6512.480000;6150.196621
538.690000;3344.126419
761.560000;2260.907013
2216.350000;-2116.696625
4459.890000;5777.233864
2506.380000;5678.591390
4924.100000;9761.636293
4301.860000;7425.369903
829.110000;6900.640539
2314.310000;6511.280119
1600.000000;6264.977283
2301.670000;3974.773674
26721.550000;11977.389376
5798.650000;5914.710479
2878.220000;5671.828356
9611.750000;8101.974280
14117.800000;6660.540316
3600.000000;6630.632609
679.850000;1905.239591
3649.210000;6715.804279
3505.850000;6136.780513
3647.000000;6003.362067
1164.810000;5978.701449
3502.940000;6124.025655
3505.850000;6408.038624
442.820000;1127.125833
771.750000;1046.492461
6111.710000;8054.191386
5353.050000;9835.491409
29299.020000;10006.883023
13320.000000;9874.736384
19084.300000;10939.301391
2985.770000;2659.416206
9258.250000;9980.125428
7796.270000;9950.019427
11800.280000;9147.845750
10808.720000;7701.742074
12576.490000;6238.418900
3600.000000;4146.285294
662.780000;544.087493
4599.540000;6768.081754
3726.950000;7870.775934
5655.200000;6053.032501
4041.700000;7001.314249
548.610000;817.185488
4741.050000;3135.905651
9066.360000;9649.102702
1523.860000;2154.843174
16008.160000;11012.965591
3324.320000;10490.042643
34264.260000;10554.063399
4206.750000;10513.942673
21402.240000;11923.939383
7301.730000;10556.917943
6457.260000;13240.636202
7125.640000;10319.252857
1895.030000;2154.204401
5535.410000;7843.481083
860.090000;9363.622488
4633.920000;11681.762296
12728.670000;9921.985931
7160.350000;6874.618454
632.370000;865.507861
144.120000;2006.852404
14420.670000;7478.101057
6923.840000;6860.307540
5465.880000;10660.538152
4235.660000;10402.468869
13608.290000;11687.303079
7363.980000;11570.454438
7138.730000;7283.959522
6733.600000;7961.665008
1529.410000;4444.425025
16911.350000;11222.300191
12259.340000;10976.962612
5468.300000;9986.220552
10218.180000;10187.178373
2493.380000;7072.384125
12551.190000;9313.365730
10215.120000;10218.150649
7727.660000;8088.480842
6643.300000;10656.944992
13257.870000;11015.032541
2172.150000;9556.895212
11790.800000;6870.603442
4344.910000;8553.004395
7240.820000;7013.456103
5162.260000;8252.214160
3588.040000;264.346854
33080.950000;14623.549234
42504.130000;10771.519245
5272.660000;10717.722862
29957.430000;11701.164092
1901.020000;11856.497565
407.740000;1036.278749
30765.960000;10081.220958
13371.060000;11167.578990
2257.680000;1658.705209
3791.540000;6767.521984
4237.400000;11866.557597
8422.760000;7092.101781
2435.690000;1935.254921
13568.670000;11422.318835
2738.360000;8392.415559
33310.230000;10492.733273
3030.630000;9606.157762
1412.620000;2323.551637
3913.880000;6849.443756
3736.550000;8123.611459
15277.270000;9847.045033
8929.250000;11501.416285
25.460000;-836.846559
21052.630000;9053.170989
1036.320000;1160.235922
4074.680000;6271.933924
2500.000000;12596.621026
14033.120000;9953.661158
3101.830000;12716.167363
1912.090000;12665.029364
4830.140000;9690.146493
4584.110000;6407.704563
14003.290000;10563.079181
3713.480000;6400.516019
11388.000000;9857.428120
5302.840000;6107.796417
7993.410000;6346.910001
15802.730000;11618.520906
13624.950000;11783.623554
13079.520000;9481.992370
8.780000;1388.549110
5521.730000;6768.484751
8688.000000;6763.298906
6447.930000;9149.527581
877.410000;3342.313425
8048.400000;8881.734177
13777.060000;10572.257840
7897.670000;7460.558983
6539.800000;6265.157707
1402.910000;2179.657796
6010.510000;6725.217848
21217.690000;6754.573349
2748.490000;7513.035808
30048.510000;4958.063359
3467.080000;9577.582841
16111.650000;11629.289275
8406.220000;10425.360798
9586.560000;10402.155096
5110.740000;6754.247468
1071.570000;1047.407259
1808.510000;8728.810424
3914.650000;6305.940885
9387.840000;5257.922496
9748.240000;6408.984354
1613.770000;9525.931253
3907.610000;6580.678091
3605.300000;7920.986790
665.340000;2065.218693
5512.760000;5840.244185
7970.400000;8589.501804
1861.410000;12028.153868
8911.560000;7329.675995
9208.930000;6805.839006
4162.010000;8182.807901
6063.120000;7220.737667
4050.270000;7181.788120
7837.180000;6785.104712
1829.160000;-1538.255326
1768.780000;2182.787744
1564.050000;4192.356196
4978.290000;6192.474077
4630.680000;7410.115078
8833.710000;9457.388568
120.530000;-935.559719
120.530000;1007.056350
502.440000;-957.477901
3726.600000;5645.226646
67.450000;5645.226646
1640.700000;6463.514574
14763.150000;7300.279122
2415.830000;2888.420262
2942.470000;9056.134489
7207.100000;9809.839491
4493.690000;4481.109483
6952.300000;5493.528055
763.550000;12608.272142
688.140000;1843.436268
11420.630000;5493.528055
7962.080000;13082.061031
6454.120000;11650.643543
6547.340000;2178.343843
1758.900000;9893.623853
21329.190000;10268.660222
9032.180000;7464.082034
1378.570000;4273.461812
13919.780000;8826.427558
2107.540000;4183.857539
13058.250000;11054.942415
15612.230000;7145.968567
2238.610000;6328.328525
1013.670000;11154.224972
7626.600000;5812.421554
4855.710000;7218.943479
1594.590000;7320.567647
1440.760000;5465.886233
4091.430000;8775.422591
468.720000;4207.720400
3058.390000;12087.294292
463.390000;357.760114
200.000000;3682.837622
6420.820000;7768.776393
8416.340000;9912.542445
625.230000;1467.242167
1828.740000;3003.897564
8744.980000;5123.145092
9432.260000;9753.009753
3449.430000;6407.977701
4847.220000;6259.147084
8856.530000;6434.131428
5926.670000;8064.313079
4197.870000;6769.911295
2767.520000;6418.848115
6.030000;5992.398026
8419.110000;9282.279708
573.180000;2519.876927
876.460000;5578.701846
3505.850000;5036.168237
9800.830000;6361.289809
3421.420000;5821.256177
2500.000000;4887.666492
8810.190000;7788.413144
979.060000;8982.047105
14699.800000;7299.931078
7583.740000;5982.783934
17391.100000;14915.850392
13356.370000;11400.320073
7601.520000;5887.682653
4210.120000;2442.905537
9425.700000;10479.187039
7731.840000;5597.886142
81.710000;5573.225523
7567.790000;7591.662711
14925.710000;14186.813725
80.200000;10424.871118
8327.900000;4600.229803
4911.230000;4668.276281
8012.910000;11326.437820
4286.940000;5859.794276
3717.830000;6970.516179
5400.840000;7764.776036
2332.100000;12053.172488
5164.750000;11990.081398
15819.500000;1119.574463
7857.580000;7462.200494
9105.170000;6384.656928
13261.400000;10138.992331
16169.430000;11937.343638
10574.270000;11836.938591
1326.580000;3469.492255
3415.400000;10097.546149
8148.580000;8735.500095
4533.440000;4202.994763
3016.330000;5744.993048
9624.050000;5344.180467
5182.200000;7132.884018
4925.430000;5496.199178
7996.470000;6707.616132
3856.570000;9291.105939
6080.730000;7381.314233
1051.930000;-662.127988
2617.310000;7415.235741
618.220000;2528.729273
10910.250000;11245.533210
19324.540000;11171.551355
6252.320000;6810.299648
19613.380000;9773.689211
17750.840000;9772.910598
12681.550000;6203.906123
10681.280000;9637.450390
7797.840000;12242.507217
19428.820000;14255.775683
2170.240000;1208.811684
9561.030000;8104.627561
4843.630000;8360.294873
5618.920000;3587.751851
2745.170000;11540.835675
7738.560000;9752.417641
3991.390000;3341.292957
1909.100000;5686.780042
6911.270000;10669.842399
5512.360000;10596.639155
10297.460000;7767.232261
6689.280000;7669.627936
4344.880000;8187.345536
4524.090000;10466.616417
8899.740000;10866.616965
2791.940000;6184.018822
32791.840000;10935.144320
7103.570000;8917.660350
10492.140000;5855.974330
7785.190000;5782.252011
5556.820000;9435.580551
13929.650000;6618.035591
4189.350000;5184.878337
2151.330000;1592.207389
2601.640000;7388.521794
3287.130000;7461.865353
4124.420000;7877.034663
6308.990000;9187.841564
4921.990000;10950.802283
13730.110000;7821.458924
5281.700000;6149.934299
3243.740000;9781.571207
565.780000;5790.137232
231.700000;-147.506924
6672.690000;5740.815995
5095.470000;6807.377793
3120.000000;7031.683374
3240.000000;10049.074425
10167.820000;9579.730705
9265.000000;9626.332354
5622.360000;7311.876450
8634.650000;7237.894594
4101.250000;6140.761926
168.690000;1256.385055
10708.280000;6737.460706
6972.390000;6249.283250
9600.000000;10288.725119
7476.480000;7754.108809
4054.610000;1560.594222
6662.570000;7546.076690
406.840000;854.987014
5048.160000;8094.683917
3495.710000;6001.933565
3495.710000;6001.933565
8373.510000;8289.490359
9059.530000;3395.198412
24617.700000;11669.658635
2859.990000;6099.225149
7931.120000;11199.374203
4143.080000;6365.857390
10046.850000;11838.600697
7498.220000;10147.492605
9211.390000;10172.412761
887.000000;11233.171913
7574.560000;9238.368224
6587.080000;100.497739
7194.180000;10872.679242
4440.090000;7962.694712
800.000000;5384.057796
4344.300000;5285.281630
9080.880000;6793.447113
4900.170000;5794.943795
5862.260000;5770.802251
9456.220000;11462.361349
10630.360000;6082.039578
4558.970000;6033.237416
672.850000;5305.953804
10485.500000;11951.677807
5285.480000;8233.421611
1896.500000;7258.454511
6888.240000;7617.118236
14919.660000;6329.558017
3859.380000;8203.887617
2810.760000;8533.053758
8168.560000;1630.242304
100.000000;1063.853420
1644.050000;-156.913096
464.000000;33.160497
8265.600000;10101.060711
1910.180000;5143.891773
5730.400000;7904.969516
420.250000;4737.103835
7037.150000;7836.652790
6801.510000;5740.193843
7238.680000;7939.906361
6756.030000;9107.227338
1095.880000;569.431854
1464.310000;2988.624774
2910.070000;11905.649959
8400.000000;6473.572460
3522.850000;10738.438612
4834.190000;6841.228126
12940.480000;8645.043230
804.060000;-174.737578
100.000000;4951.041252
1216.630000;5966.900068
1371.350000;2749.401156
4226.500000;4338.094140
25488.220000;12169.043327
5598.090000;8146.144080
4007.170000;2256.856920
2141.870000;3526.714106
5834.140000;8071.566039
2913.910000;3275.665129
4143.000000;11931.345437
8872.130000;9440.399398
3489.360000;9369.527089
9828.860000;8263.091380
6787.050000;9631.729554
856.860000;1592.580235
86.890000;2502.946925
5800.000000;9615.160561
5616.580000;9852.476739
7889.610000;9113.763138
4807.890000;6640.936251
3019.290000;6246.053559
15719.100000;10922.238699
3833.440000;5877.349386
8791.260000;6917.129704
9147.940000;10183.408385
8025.040000;10863.932115
3430.030000;6572.796342
4148.440000;6572.796342
357.750000;3956.237063
3913.080000;6800.746337
5657.970000;4253.308518
1247.940000;5141.075007
10602.520000;6254.438541
5883.030000;6342.709325
6451.510000;8325.824277
3956.950000;6199.050685
7382.160000;7527.038449
7344.140000;7693.609934
6234.020000;6014.360728
5536.610000;8356.301932
4860.000000;10225.692445
7294.000000;6788.746097
9375.720000;8200.898257
1622.890000;14330.865162
16859.640000;7349.447392
3359.590000;11527.889367
1014.830000;8598.383442
499.920000;1479.400932
2761.490000;3646.032359
5637.290000;11085.131005
11258.280000;11085.131005
7367.790000;5013.225596
3199.150000;7607.834214
4200.000000;9886.021992
4000.000000;7060.387026
9457.410000;6828.252894
10188.730000;10510.470541
11610.580000;11678.473808
7119.920000;10031.105088
6455.310000;7650.962843
3547.690000;12367.469587
7949.780000;3533.160462
7415.660000;6009.013726
9236.470000;6041.209772
7152.350000;7219.466754
2999.840000;7150.670743
3504.580000;9649.052208
13095.570000;13971.745222
5069.150000;9435.629214
4138.200000;6100.681124
2782.920000;1888.937653
7080.750000;6082.165646
436.180000;3402.631935
13585.440000;9790.639113
1593.620000;8616.425870
8396.730000;8133.143745
6002.550000;6679.932723
4437.540000;14445.452755
6690.810000;6170.835942
4653.090000;6087.520545
753.740000;2342.766074
2949.000000;5462.200180
718.890000;2552.014733
3827.970000;12170.062913
8300.000000;14476.223303
6482.010000;6744.070042
4144.330000;10534.377876
6640.340000;10155.905527
871.390000;5582.654320
320.000000;1708.510696
10896.720000;10974.021677
12880.060000;7652.676633
4016.700000;5670.936818
4186.590000;7259.198575
6667.070000;7689.016921
319.200000;3166.474701
3869.240000;2216.606501
15968.960000;3919.152423
6798.980000;7781.117692
12000.000000;7941.439207
4868.370000;8568.028207
5105.020000;7280.467988
2635.830000;7843.114712
5134.600000;-616.230084
3600.000000;9052.873140
6668.810000;11045.477644
4512.000000;9483.166249
9081.550000;7283.028435
3675.230000;7258.627354
5368.890000;7946.817301
3592.300000;9652.761265
3480.000000;6730.771131
3763.520000;5387.297375
13930.090000;11402.698717
9323.830000;11475.901961
11091.020000;11681.443012
1152.880000;8070.233000
3703.820000;3072.906247
1608.780000;3487.137932
22511.750000;10848.361120
5182.060000;6489.112040
2638.130000;3965.819412
11697.140000;9961.918119
6609.590000;5885.515729
3564.490000;7971.213573
6127.890000;12516.907845
8930.970000;6669.929816
5859.760000;6488.692397
9230.700000;6194.003345
1748.850000;3070.513561
6567.050000;9209.162653
8313.970000;8218.239754
14598.400000;9982.439218
3903.550000;4966.230967
321.900000;103.958103
4110.590000;6312.512847
924.030000;3235.324864
6753.160000;9455.939326
4123.850000;6061.344606
9117.710000;5844.444661
6826.540000;9752.308381
7685.880000;7345.757364
2384.190000;2092.801591
4557.330000;6536.137171
17190.600000;9918.632731
3943.740000;1962.314348
7864.640000;7895.971486
250.000000;3677.944556
12530.350000;11853.747403
19806.920000;15375.983711
6000.000000;4892.086048
9193.730000;8218.943652
6765.760000;6930.864358
8272.690000;7887.235040
4014.570000;6310.623253
15191.880000;12055.585505
9350.660000;9764.398390
1164.670000;5700.470521
4598.190000;5379.214891
7740.740000;7425.899597
7170.260000;6742.458005
4507.840000;6479.173797
3150.940000;5084.393085
846.900000;5904.240606
3989.960000;9483.415098
13064.300000;3933.625227
1200.000000;3291.638887
2204.300000;-833.984218
337.200000;10483.497531
6903.750000;9838.089806
9748.510000;2987.404843
563.530000;1197.341304
5280.000000;4828.979485
5692.080000;2616.684907
350.850000;-1545.566120
27697.850000;7096.524121
1873.570000;1330.128935
2300.000000;1855.936985
551.700000;3239.951386
505.180000;-804.539600
5142.550000;10817.841520
5259.730000;7350.382998
3672.220000;7600.466646
3787.350000;3096.309454
24701.670000;9519.139991
41078.480000;9543.541072
4725.810000;4124.528400
12484.570000;10035.571864
9825.670000;7445.873881
6693.740000;7703.546617
3500.000000;10112.821427
3864.410000;6898.396896
250.000000;-1069.138509
429.210000;-721.195940
478.210000;205.784895
5163.250000;6648.600559
6401.270000;6394.060038
19433.760000;10754.089800
18053.110000;11707.925044
5611.570000;6964.630792
1490.280000;8079.231112
6887.980000;8079.169839
4419.930000;4470.228931
6849.710000;7597.223249
3791.790000;11820.579227
3163.950000;5513.737459
6009.880000;7757.640822
9188.880000;7497.936103
27.840000;2939.552419
4065.020000;7609.234319
19601.160000;6355.237959
8244.810000;9306.610675
8085.340000;6496.204511
3480.000000;7666.166556
4452.950000;6966.522305
4624.320000;8241.048492
232.650000;1315.626747
6551.500000;7979.941470
13060.020000;6897.509860
7939.300000;9791.570016
4254.830000;6945.294265
1401.480000;6374.235964
1854.720000;4719.631837
6066.740000;7236.945181
3527.630000;9433.410499
21782.320000;7231.333064
10388.210000;8284.341965
695.090000;1986.063403
3783.270000;6118.673290
12978.410000;10766.583224
2222.880000;1025.201595
12592.000000;10069.142191
41234.040000;11444.223662
11273.840000;10448.009762
2184.790000;1254.500484
1155.900000;575.369875
10224.020000;6500.816626
9706.600000;6567.315454
3087.900000;2986.660013
6827.500000;9386.229224
1147.830000;-264.339671
9016.110000;12401.795778
4042.610000;10555.328726
4219.760000;5688.875981
4935.260000;13006.316985
4449.850000;5191.662557
7539.930000;5935.497026
509.890000;722.350335
16105.810000;8241.327499
700.790000;3991.704665
34309.940000;12070.120083
709.260000;-468.082097
6897.610000;11530.622823
53854.610000;14363.876483
351.020000;1837.607595
6338.130000;12706.450561
8716.090000;9504.828814
4380.000000;6015.841696
23684.210000;10896.869829
4085.410000;4102.547488
1058.250000;3379.101888
5792.170000;6949.726895
4564.370000;7920.793511
4920.000000;9555.852991
746.720000;2521.128553
14676.340000;13320.060964
5688.960000;6561.893839
5396.460000;4348.838864
1574.020000;249.963989
14599.320000;11921.846319
4648.250000;10319.106604
9041.490000;7597.471907
3795.520000;6334.572307
12972.130000;9715.648295
10440.000000;11445.398227
617.510000;6061.038411
28726.360000;2401.090893
4154.930000;6349.147952
1754.050000;1722.891916
6002.510000;7550.919744
6338.820000;11533.654669
4478.660000;9096.787304
3739.860000;6808.449476
444.530000;-180.464120
8524.540000;6967.610463
7977.050000;10693.471818
3477.760000;1754.559936
27396.240000;10813.455756
6779.790000;7841.364749
3518.980000;6825.443577
6406.380000;7976.553766
10860.580000;9696.188293
47874.000000;9360.648286
9162.820000;10222.340332
6469.840000;7761.428862
8930.700000;9698.258351
3560.890000;7884.978795
6784.250000;7802.412931
19981.850000;9573.181812
17437.030000;9573.181812
1876.830000;10640.888273
6849.550000;11015.012570
4080.740000;7363.774339
3840.000000;5645.186573
4200.000000;6308.716723
3697.480000;4590.484152
4442.140000;6434.744190
12150.510000;10151.774003
8094.900000;5144.505608
2124.700000;4430.065510
4882.730000;6286.257161
4900.130000;7723.665598
9012.660000;10212.591550
2669.150000;4357.057302
435.000000;2150.754019
11000.030000;12166.338919
6600.000000;7264.172256
3620.100000;5138.193324
3457.180000;8038.984376
34839.410000;11783.028709
14040.000000;9718.855749
4246.370000;5942.777330
1478.510000;5354.023187
3800.870000;5844.653930
6672.210000;10019.263718
5506.370000;9494.033230
4283.020000;8155.152525
8487.000000;11704.665480
2668.210000;3635.103983
11625.550000;9973.111036
3504.550000;6907.755652
4391.850000;7955.945002
3146.400000;5716.748677
919.350000;2077.104523
2241.080000;3294.066116
3200.000000;8804.492521
3378.570000;520.966543
48954.150000;10524.521756
6862.150000;11999.215256
4822.200000;2261.879098
1282.130000;6579.167536
6845.200000;7447.680266
11922.100000;8348.346037
5990.780000;7825.385228
397.840000;6655.163645
6871.650000;11461.832642
4933.630000;8282.985909
6516.890000;7234.539275
5126.130000;4849.563614
5824.560000;6424.422833
8663.700000;8522.190450
12114.400000;10088.047142
7578.210000;5767.196064
9812.800000;10765.754093
9758.140000;11052.037618
8197.520000;10978.050860
6057.290000;14024.539981
24330.570000;13127.646049
10877.690000;12724.027273
302.210000;1053.380956
340.970000;-913.636195
63.720000;4202.320590
557.930000;7994.607934
9435.030000;12418.737529
1479.860000;6185.648086
3941.610000;7739.272007
10680.740000;13837.774882
24679.690000;11399.319555
10256.000000;11906.656070
10376.000000;10129.353353
14224.080000;11795.772854
8683.930000;6991.842967
22482.870000;11079.113899
23084.470000;11118.063446
407.380000;-624.839875
163.200000;-896.191373
12075.040000;6935.925405
2683.260000;7056.691284
94.780000;11149.871885
1862.640000;13155.389603
15352.130000;12131.854037
7673.710000;10567.393051
5315.620000;7236.411508
9815.030000;8149.464167
66243.660000;13406.206026
53273.120000;15289.364374
16267.310000;6822.645800
34324.370000;11668.380146
5690.430000;7422.499434
13989.430000;12308.539112
5999.840000;7029.117596
155.110000;2176.762987
1563.540000;5573.331351
8688.460000;15209.363138
6853.330000;15481.254508
13317.510000;8922.400691
4266.500000;6061.261854
1560.990000;22.061404
975.750000;4091.788324
6512.050000;9716.437448
8005.720000;6084.753210
1142.810000;1095.668772
3600.000000;6522.116546
11524.150000;6186.789216
3930.130000;9292.949115
3776.260000;12313.917293
17179.200000;5676.250674
4464.430000;6252.914630
1392.790000;6832.590798
9503.020000;7133.114458
372.690000;10757.440198
14417.100000;10683.458342
11203.040000;10140.924733
8408.660000;6914.068835
1386.510000;3737.659436
3390.000000;6194.209409
8486.670000;9861.785329
7231.310000;9920.209649
4833.290000;15992.037064
19242.060000;6130.566424
12306.730000;12076.611407
1745.440000;2976.298963
1303.290000;1406.837955
5014.230000;11474.260334
5555.050000;8300.939147
12711.650000;7540.624861
3029.450000;6301.607267
494.200000;891.151974
4689.570000;6669.971362
10917.280000;6118.183741
2964.570000;11083.240027
6921.000000;13604.422712
16247.540000;11312.817465
12566.600000;8426.019458
4496.350000;8577.381333
2312.470000;9674.233027
1044.130000;6604.981347
3495.710000;7375.694393
1519.540000;3050.679869
9515.950000;5886.982180
6791.400000;7807.776259
4749.990000;6588.752514
10973.600000;10194.225457
7704.780000;10135.541599
6566.400000;8450.039266
3741.280000;8240.512608
8341.080000;9978.598054
16311.540000;12976.210467
33427.710000;11792.968114
5974.350000;6813.876400
10365.980000;11540.868956
14407.250000;12393.617122
12296.000000;11990.534051
3147.800000;16258.025422
2369.850000;3963.537296
7721.650000;11701.720092
10720.160000;11265.834348
15864.120000;7964.436719
6263.720000;9111.388263
4681.920000;9062.067026
10693.820000;10512.627442
3711.960000;8508.236212
5058.680000;7887.424947
6662.540000;5838.292414
6893.530000;5813.631795
7715.710000;16585.729745
14277.890000;11357.743651
11000.790000;10075.633704
10497.220000;10535.411644
11265.590000;8573.708007
18612.240000;11413.821190
15812.650000;11328.767228
3401.900000;12009.081241
23643.290000;11444.313834
9422.030000;11004.809326
1616.700000;7435.695914
9532.640000;14649.863211
18166.240000;14129.856731
6220.950000;9789.652112
5232.410000;7734.019026
7712.900000;11573.285226
12699.710000;12818.140982
5908.250000;12798.925746
18691.560000;10116.691430
7842.100000;5376.371709
3727.200000;17280.932110
6518.450000;9656.537016
5647.530000;11580.918645
12133.040000;12027.762911
10688.480000;7292.598185
726.800000;2071.706551
4407.040000;10713.163352
2088.610000;4909.346734
615.650000;6692.038732
5330.710000;7931.758957
4200.000000;6778.638043
4063.640000;8322.889409
3779.250000;7006.332334
7808.070000;9290.483290
9012.220000;8052.381874
9529.160000;6161.219714
306.140000;-505.943380
3105.840000;7993.674053
6866.830000;10337.981199
5492.380000;9399.473491
19662.670000;11673.066192
11074.760000;11477.598005
4174.040000;8281.082489
6106.250000;8016.789212
1719.530000;6326.750102
8769.660000;9808.748520
836.740000;-1161.152365
483.160000;4070.256058
27943.350000;7957.402104
2205.000000;8911.287629
1916.040000;2768.043363
4175.450000;7495.749361
750.000000;2753.892798
515.380000;1504.366508
6811.420000;1065.159786
2021.920000;4443.261105
2178.820000;4480.042044
36287.960000;12920.587240
4759.470000;7686.468883
2992.390000;6686.846456
5669.810000;11944.627864
3766.470000;3301.391690
3798.550000;3470.719647
7741.360000;7393.468986
5143.940000;9519.978261
9579.690000;6729.049706
96767.610000;15317.302212
4851.440000;6547.136165
3022.680000;3498.153572
343.380000;599.733252
438.060000;921.106921
4693.890000;6666.582748
6752.110000;7466.611337
2556.160000;2426.927567
4213.560000;7018.275770
8468.650000;7915.840258
10245.280000;10938.306067
3833.890000;7913.094004
10016.520000;7593.031033
700.000000;2061.268558
9070.990000;10046.982212
322.610000;678.317224
389.220000;244.812210
6443.870000;11450.376109
1381.070000;2571.001021
1809.020000;5032.959598
2380.000000;5634.473792
19110.970000;7499.752177
3472.980000;4977.581598
4086.380000;8948.129783
649.090000;939.770990
3718.000000;10870.618153
3624.420000;6763.851278
3418.420000;7857.753271
4527.450000;7847.900655
311.980000;9088.569291
68497.720000;13294.350170
1089.470000;1529.204737
10.000000;920.611725
668.930000;5213.878675
5268.910000;2296.756124
1720.000000;11524.295974
6702.660000;756.325354
4690.370000;6644.803997
3252.950000;8877.905021
8379.540000;7417.453518
3103.610000;5778.823910
673.900000;1798.774202
425.930000;9109.647330
15867.340000;11806.310656
4558.040000;8464.879553
4429.730000;8390.216791
1417.560000;707.580025
998.250000;2753.428714
4560.000000;6119.718697
2750.380000;10323.859439
3386.670000;2064.745533
1118.520000;3149.782230
555.500000;-694.060701
5017.820000;9148.686235
11750.620000;11745.918366
1397.900000;804.100737
24348.920000;12966.263223
30.000000;6406.443107
57.590000;2784.740346
2715.170000;6603.571809
5236.250000;10094.274071
168.300000;1321.939035
3490.410000;3020.299363
1651.560000;3096.471379
8095.680000;7097.775999
5433.640000;4020.035974
9065.430000;5846.403309
15613.540000;7420.778469
21148.490000;10357.162742
4765.190000;6994.386230
7132.450000;10482.958176
712.740000;638.504083
10803.140000;7860.359091
3706.000000;7969.363133
1800.000000;995.925393
4147.100000;4976.424986
439.650000;6610.285835
6641.260000;10188.270757
3337.990000;6528.017601
10095.040000;9692.707639
5502.780000;706.019925
9171.720000;10794.581542
4800.000000;11436.989530
7862.250000;6627.846038
4036.740000;6418.088922
5792.400000;10568.800955
5204.050000;5995.057601
2884.960000;11803.542874
1318.680000;11743.089482
4661.230000;6740.388466
5788.980000;9998.169777
15895.180000;13268.372283
1753.360000;474.830647
3703.590000;6930.343136
4807.490000;8110.022085
10039.830000;10073.121747
1037.600000;977.044298
13122.430000;11411.722299
633.260000;1833.195621
2268.990000;2271.712646
2102.710000;2354.040910
12832.070000;9182.212509
3806.320000;-346.033399
2896.200000;14425.198966
37742.850000;5275.372573
16297.760000;11263.682865
14549.350000;11141.648379
13379.330000;11445.530338
1577.660000;3834.945384
6428.180000;7492.941923
8615.950000;7790.158631
10218.180000;9966.738675
3024.330000;6326.405688
27069.020000;11336.467337
17109.880000;11229.240854
1574.420000;382.209793
2106.710000;7817.903115
6096.330000;6606.492587
5290.380000;6508.369187
2533.030000;7680.651979
9344.640000;7705.341678
4554.590000;6133.915736
6640.510000;9859.627161
503.460000;2569.101539
1761.560000;3134.000902
2053.110000;2423.639790
8172.800000;6595.430068
8904.760000;7603.698835
24538.630000;11256.040196
4777.750000;7729.534672
8676.670000;6412.928388
1752.930000;7509.398572
4010.830000;6417.880616
4392.940000;6393.479535
12583.870000;6446.998476
10184.040000;9841.852734
4489.440000;11182.153654
5831.840000;10171.907034
341.200000;7412.842726
1023.520000;361.162525
723.500000;1712.293263
888.950000;1355.324363
15974.670000;9016.356732
14356.770000;7632.351136
4383.330000;7671.560220
9713.870000;6145.755630
6967.320000;7445.415086
298.850000;-239.975408
7272.070000;6511.539682
6033.510000;6374.985810
11165.330000;6511.339036
11462.780000;8187.720421
6371.640000;11327.905947
3373.290000;9488.868989
17367.440000;7544.558070
7259.920000;9028.804757
9850.000000;12203.332591
74592.570000;12655.657111
26331.960000;9950.741020
808.610000;942.123904
13722.490000;7713.131228
11016.390000;11226.887615
7777.390000;6536.093068
5113.960000;6297.239021
3521.940000;5828.223420
1895.610000;959.986972
8847.700000;7787.041270
7026.740000;7484.836595
305.780000;-1013.795732
8893.560000;11544.056027
17392.270000;6353.301392
8120.390000;7431.364032
3451.290000;4495.267488
2570.380000;2194.473706
5523.910000;6595.640850
9376.740000;8471.467338
5782.160000;7592.685531
6543.310000;6496.674700
3459.090000;6459.107126
1195.280000;3632.602385
2523.870000;3099.488978
13832.250000;6319.910188
3895.510000;7617.611639
17192.800000;6293.853581
3639.250000;6962.653199
15565.860000;7072.262850
7174.230000;10035.436151
16417.080000;9924.502917
5224.200000;10659.259291
12850.100000;9922.226185
100.000000;1361.624839
7659.410000;7002.368023
5882.180000;6953.565860
6411.100000;6323.114458
5095.000000;9983.579554
7709.440000;3169.817507
3526.880000;11112.885607
8294.470000;9208.835896
8224.140000;9930.740013
3812.790000;11719.360081
5512.000000;9911.472177
58513.530000;14043.339277
6486.180000;9819.723761
8956.290000;9889.573513
2177.650000;7462.313834
13948.020000;11186.755889
3720.000000;6443.213390
6821.280000;9589.331905
2073.950000;940.570075
3984.260000;8300.351781
9263.990000;6023.149346
4630.420000;7361.334268
3948.670000;7419.528131
418.940000;881.948498
1137.270000;10016.718568
15657.360000;7685.412877
7458.720000;8989.171678
3406.680000;7563.637928
32023.450000;12451.533029
2348.660000;4067.598706
1709.060000;9112.986921
2896.200000;10028.781401
4548.000000;7429.012178
5128.060000;7572.960983
3591.170000;5940.455453
5042.590000;6150.084650
7773.800000;10052.380575
313.270000;4312.177057
4285.690000;9480.917714
3680.960000;7946.944354
7298.420000;1990.260522
7800.000000;7483.328500
7724.940000;9654.208527
2117.640000;283.072439
7506.790000;7579.776415
20289.990000;9430.710121
3702.090000;3421.340680
4259.740000;4640.948546
6927.130000;9290.236671
5821.660000;4514.728342
21560.390000;9736.552971
7764.560000;9451.538219
4102.920000;1048.547586
4375.590000;6016.605549
8260.360000;6240.980732
8203.590000;4758.182784
2174.860000;3292.274967
13085.260000;6133.007209
6484.190000;7211.040769
8512.990000;6066.184351
7287.700000;7280.800864
9918.790000;6154.420571
5231.760000;5896.322208
4680.000000;6003.381524
5200.000000;6066.837036
4687.470000;4025.029813
4280.000000;4524.682916
1300.000000;3877.618180
15305.290000;12595.037007
260.430000;-1380.528139
6592.650000;10794.797641
15822.830000;5999.109345
11578.410000;12523.981930
14429.520000;8916.741093
9465.550000;7563.384654
320.060000;1757.182696
4126.330000;3405.966994
5405.730000;7362.680565
3505.850000;7325.817813
1752.930000;7717.398244
7383.940000;9342.140743
1098.720000;1047.072466
5327.150000;6055.337322
6889.470000;5766.273367
4046.280000;5732.019670
3931.610000;5863.847682
9719.810000;9518.492427
4727.330000;1816.152007
7015.030000;9715.519968
930.860000;1051.829835
881.700000;5877.229509
2742.240000;7052.377400
1292.910000;3889.648533
8081.390000;10631.515837
8688.600000;10438.638121
8553.830000;11674.428013
5383.030000;8058.770009
4358.140000;1737.631763
3544.120000;6847.404480
3675.320000;9479.757221
1752.930000;9693.827946
10197.490000;6216.148287
7470.380000;9504.953918
4445.900000;9224.814488
21166.910000;9836.024212
1020.210000;2432.110105
9177.600000;3385.632728
945.060000;1293.093919
13477.050000;10588.441717
2420.900000;1380.454975
2500.000000;1328.001630
3929.700000;10076.772722
3481.870000;10332.977538
20044.830000;9108.767948
14423.520000;5943.134042
11171.030000;6327.904582
6238.600000;11880.617489
5346.100000;4842.789628
5598.320000;7219.607853
7837.110000;6479.472814
2398.070000;1972.125965
602.250000;6032.989782
338.330000;7661.408310
9387.330000;9106.720392
3534.520000;10310.340370
143.940000;303.694094
249.100000;3172.042273
680.000000;3115.336018
408.330000;706.997385
10799.240000;10965.320763
1774.880000;1142.719655
1870.100000;814.065982
12045.120000;2771.405136
637.930000;3195.724036
2312.110000;3105.159622
6605.900000;6942.216318
1100.000000;2850.680717
1757.470000;2035.747462
17766.620000;7107.104516
10310.710000;10677.231735
7508.840000;10795.227258
23.770000;3191.716891
999.650000;-908.618035
1433.860000;890.243545
6863.990000;5998.874976
19404.540000;6522.759587
14728.100000;13686.325653
2968.210000;9019.544358
7820.420000;9403.475064
3418.100000;9222.300922
401.520000;126.470482
3884.630000;8108.800898
4633.920000;2298.395263
7049.460000;9178.234191
3202.540000;5438.818424
6607.900000;5217.611762
12910.570000;8746.358675
9359.050000;10033.448552
3426.620000;10521.287396
5084.080000;8069.989127
10271.420000;10137.417442
7764.260000;1926.915048
2925.300000;4758.347266
7782.030000;6580.120156
3663.200000;8139.391691
8634.400000;10488.862102
6778.480000;10510.672712
7877.630000;10868.470889
33296.850000;10844.069807
3463.810000;6423.462747
10381.100000;9154.129473
233.200000;3100.218162
6272.390000;8194.329243
2870.610000;7786.293868
5704.450000;2226.890865
6727.400000;8025.831591
380.470000;2733.272296
3840.670000;8151.938637
9197.400000;9255.270246
6887.620000;6271.844025
5996.340000;8686.625418
431.820000;5686.450262
1754.330000;6534.784779
11974.380000;10601.511524
6573.540000;10372.780426
12522.970000;10675.295768
10909.800000;10486.081699
13886.080000;7973.312742
4132.220000;8152.332537
4144.910000;7742.364971
5255.900000;10445.468058
1182.080000;1637.559168
7800.000000;7353.837097
1297.290000;880.084949
817.040000;4929.000527
13501.130000;11425.097403
9955.180000;4050.246164
11647.180000;11193.341053
25001.870000;12283.854419
3615.650000;7738.116357
3332.040000;6904.244661
3330.580000;7257.882855
613.740000;2793.209394
3761.970000;6689.848559
27400.740000;10666.654025
6568.890000;13828.503764
10424.420000;10905.440955
1889.470000;3454.118142
7527.450000;7262.645409
6931.710000;10028.335471
640.000000;281.658014
3493.690000;1924.312847
7050.790000;8019.907815
10756.410000;9206.587518
6960.000000;11321.399854
11468.950000;6108.410530
3808.710000;7642.603178
6888.920000;7045.442899
6797.960000;8905.913368
13123.160000;12359.666922
9741.550000;7926.830874
13116.580000;6074.697961
2785.020000;6552.267715
5984.470000;6366.487592
6245.290000;7816.397120
9354.070000;2143.774842
5365.320000;2488.039215
3600.000000;4688.471183
1755.150000;2879.623134
4160.940000;7471.411337
3624.700000;7909.968506
3540.270000;6643.676043
581.280000;18.947942
11747.070000;7899.156611
3535.390000;7912.904574
4118.140000;6693.621292
5838.880000;7043.616541
7362.210000;10148.470310
6957.480000;11367.753593
1800.000000;7142.761875
6319.360000;4464.407444
6085.470000;7644.386795
10402.510000;10156.185684
3869.640000;6817.847809
7770.030000;8478.154044
4069.910000;7953.057004
8072.630000;11467.045935
9055.470000;10218.608997
5472.800000;6629.294089
1400.000000;1593.012874
4354.260000;10962.588085
3627.290000;6745.852256
3804.650000;7099.995201
2674.280000;5869.765742
26471.670000;6558.622762
11442.390000;7746.031281
3654.500000;6686.422772
4814.750000;7318.031293
18441.820000;10233.430271
5715.630000;7979.058915
4363.350000;5910.450107
5651.680000;6009.015928
7720.440000;6756.041279
2642.080000;3393.133413
3679.440000;7584.804143
464.750000;1908.278802
6135.540000;12119.794675
26854.460000;12945.383507
3602.140000;9938.609733
13004.480000;1903.488915
5269.880000;7703.911166
2717.090000;4715.923729
5403.350000;7793.850571
19255.500000;11065.726653
4535.480000;7778.491847
5288.080000;10306.147711
17128.480000;11223.542216
48872.350000;16254.966691
3421.360000;7686.458357
6529.090000;11887.142864
7198.840000;7767.051261
355.580000;2761.111810
27219.140000;7120.518455
3946.570000;7741.504052
2333.980000;4472.561547
4704.870000;6004.760228
4740.000000;11870.335584
32436.930000;11161.339746
11756.230000;11273.752074
3939.970000;6013.820420
3813.470000;9086.474279
13731.640000;1136.415995
3110.350000;4638.014753
4501.420000;11466.758548
2635.960000;9544.685692
10167.410000;9522.620447
3689.620000;7529.528326
4120.230000;6632.184029
8334.460000;11291.570012
10907.980000;14173.169272
1186.920000;1892.296604
2759.930000;12049.645241
10402.640000;7383.844140
12636.580000;9047.167775
2434.820000;1753.017724
6414.380000;9368.019992
10320.000000;6533.302914
5352.490000;6545.002903
4200.000000;7774.138801
3113.180000;1135.556680
10911.800000;6047.462827
3809.340000;5965.946145
232.200000;-881.325189
7222.180000;11658.034921
1038.170000;12228.726896
12626.150000;9997.592581
17750.000000;11092.538309
14.380000;847.787591
1500.000000;5425.233398
2199.220000;3223.584240
8702.250000;5864.305140
10237.550000;11130.666086
13301.000000;15378.942221
2574.890000;5638.394706
6323.220000;10487.849734
24617.700000;10573.337552
7051.050000;8001.608581
5580.540000;9488.842842
5053.130000;11550.014135
1755.220000;2994.158238
5793.490000;10572.249160
3600.000000;7875.192031
1801.670000;9330.312707
4666.900000;7488.722954
5508.730000;9783.059030
5584.040000;6212.960891
4824.780000;9873.228446
15730.140000;9936.838611
78.600000;810.109150
310.040000;1392.686745
12348.950000;7633.159997
4415.260000;11679.923879
580.000000;3038.503930
5407.390000;9303.135955
5513.000000;11687.726108
8929.220000;7512.673621
4943.830000;3702.922044
7019.310000;10762.784233
2138.460000;9792.447928
8372.660000;9759.927381
11098.600000;5777.460836
3774.210000;8092.841700
3941.850000;3875.432928
10179.820000;5721.320641
4906.750000;7580.143255
3505.850000;7101.400166
5735.030000;10938.838495
6037.020000;7719.747194
15952.090000;9022.670796
20534.810000;9175.070820
4564.810000;6149.529441
4852.200000;7378.434881
5196.730000;7583.813760
13333.820000;11015.164757
7672.100000;3035.478796
12136.990000;7312.156435
7064.960000;6438.434607
84.550000;3791.124313
3516.170000;6191.058094
3211.970000;1503.451844
5284.420000;5430.376013
8556.310000;9780.695303
12337.810000;10488.223704
9182.640000;6192.642702
3201.490000;5726.524765
310.160000;3452.725004
3884.750000;5227.415812
5123.800000;8761.329921
2080.240000;6097.816727
5639.330000;6045.562839
15123.760000;6425.695688
9935.220000;7451.641811
1164.950000;-179.683919
26921.410000;9594.680826
43455.060000;9789.428561
1542.310000;969.311008
5430.060000;11021.849042
17779.500000;9738.318505
289.590000;918.200951
34969.040000;9811.781286
10845.740000;7267.508306
4575.470000;6298.212032
283.910000;838.414976
21171.380000;12242.565828
3085.710000;1447.069697
589.160000;11430.371099
4205.540000;5670.775477
4237.320000;4589.896731
4060.070000;4081.551716
4084.510000;7264.015160
7672.450000;8290.783003
720.260000;747.096390
3692.760000;6106.490455
4318.710000;4058.400204
4617.160000;6278.907262
6574.760000;7389.905288
4456.250000;6299.320462
6869.670000;6263.254584
4150.830000;6581.971484
6190.560000;8369.958313
3279.400000;6062.179704
2732.120000;7521.614721
4233.690000;5331.526935
11368.930000;9803.077558
9052.200000;9898.639485
20494.980000;7287.895940
5068.830000;9494.134826
4008.500000;6224.632184
5976.960000;6233.164554
6691.570000;4704.670199
25988.530000;3001.900614
6960.000000;5864.342229
4994.550000;6185.531683
10344.260000;9518.305495
3661.180000;6042.885343
4548.190000;4609.350472
2367.590000;6139.592644
9332.030000;6403.107309
7629.820000;10442.935713
16964.930000;10564.681582
1771.030000;5999.528277
5632.190000;4851.234772
8536.960000;11840.574768
8134.870000;6616.007676
5870.020000;9180.809846
4701.860000;5831.219256
5285.810000;6357.758592
38924.040000;10808.133000
4493.110000;9709.816974
2926.590000;3262.840868
1158.010000;3279.058959
800.000000;3472.155425
7013.290000;9488.244487
10526.310000;7014.376231
15017.000000;10444.892906
12602.940000;9240.936701
19001.240000;12969.782478
11175.300000;10181.014631
16952.220000;11742.705390
15975.380000;10500.832885
9509.090000;8098.262417
8204.250000;7889.343562
1618.970000;4222.242223
4350.410000;7990.267065
10770.910000;10317.525987
24695.820000;11307.054594
914.390000;5209.615716
1200.000000;4300.808488
3322.640000;4670.017408
514.400000;-1301.800434
888.380000;97.912575
20495.420000;9423.408054
13273.750000;9451.726374
9352.060000;11482.827188
7084.660000;9554.540974
2059.310000;7267.491097
221.870000;2727.797513
1086.890000;1075.642412
3466.550000;121.283163
26610.580000;10769.889837
8091.980000;6152.400096
3634.070000;7858.825086
5545.440000;10512.815020
3508.930000;2089.747415
12758.500000;6804.477230
3836.120000;5449.753004
2059.130000;7445.311670
4030.000000;3596.168219
625.500000;600.541573
9643.030000;10193.323381
17161.300000;15947.148428
2246.690000;1270.639585
374.280000;3919.936481
19479.270000;11299.903227
4016.410000;12291.705683
5511.730000;10377.005832
978.290000;5291.401201
4212.080000;7818.008348
3236.760000;5228.342000
8340.480000;6881.351802
4924.280000;6276.913372
1723.240000;12299.060820
6618.140000;3586.160034
4933.120000;7663.473391
1943.450000;7589.751073
6660.000000;11971.242636
1959.210000;6585.525701
6814.660000;11607.502186
5405.640000;11030.316172
7740.220000;9444.451033
180.200000;2893.876551
1978.020000;8672.132894
6435.370000;6489.864593
1485.750000;9896.429653
13126.520000;7202.287083
15500.000000;14162.965379
331.600000;1608.765141
5686.440000;6059.385715
3506.740000;10366.086170
6600.000000;6134.366548
3600.000000;6022.732832
10656.110000;5991.604165
2393.340000;4513.036563
8307.960000;9642.290775
8581.790000;9567.246592
14402.260000;9699.363660
30230.770000;9517.594016
18410.420000;13146.871250
14547.570000;12082.074877
9665.340000;9685.419808
9016.190000;8385.184110
3600.000000;7607.336176
4659.910000;6641.484486
850.000000;1902.149612
10847.840000;7665.216395
1007.550000;7951.050641
225.250000;6736.396532
324.030000;682.778702
12367.750000;5070.156872
4195.970000;658.308119
6648.570000;8264.472745
229.620000;591.434088
829.210000;3389.711494
2236.210000;2836.531807
407.780000;3119.031251
600.000000;5914.939336
210.330000;2138.893050
9135.840000;5852.094385
6889.470000;11669.012482
371.810000;1558.057960
12012.490000;7755.059775
1042.630000;6345.900684
1740.000000;3149.134805
9223.420000;6391.095373
10352.510000;9794.688527
9102.110000;7332.235052
7117.610000;7551.374531
8.070000;-1143.274137
2728.170000;6854.459461
2979.180000;5647.444492
11388.350000;11437.636076
3362.940000;4821.135377
182.540000;1400.283791
9013.580000;5459.416429
4924.860000;7105.643392
6108.740000;7214.118996
4677.030000;6308.140350
8980.660000;8174.461491
2696.390000;6459.594164
6615.440000;10339.468399
10350.500000;8214.556996
8831.220000;2741.713857
9197.820000;9969.221571
9392.890000;9469.248772
7412.090000;6208.093475
1500.000000;2731.375244
11225.050000;5972.220199
21928.230000;10700.160454
21433.600000;10056.840986
9031.090000;8006.529700
5453.780000;7551.347766
5755.000000;9293.805614
25740.000000;9291.469778
9664.280000;11087.060140
8249.500000;9800.366678
2136.910000;8354.294022
4679.180000;6498.631940
7841.920000;7859.024985
7073.330000;8016.645858
19513.350000;9683.326686
4805.080000;1235.311925
2282.630000;1327.093003
5321.280000;10467.585593
9281.920000;10754.889372
2993.390000;11063.458987
7392.520000;11287.084351
6849.320000;4679.627900
3756.390000;7925.780329
6798.450000;7803.745843
7315.790000;5726.420241
