8268.570000;6006.222926
8678.090000;8480.419868
23133.920000;5432.056976
35048.490000;9125.071382
8378.990000;10685.837208
9600.000000;8960.313572
3560.430000;9181.530845
11253.160000;9148.781689
5435.480000;6833.315016
548.740000;1929.698253
89.680000;2768.010814
1868.010000;4824.722306
8630.330000;9585.232813
5258.810000;9329.513370
4408.690000;8733.160251
4267.400000;5621.992456
4447.810000;7989.732158
4389.120000;3790.184270
1915.450000;3756.918078
5136.710000;6439.059567
2414.590000;6213.159604
8406.800000;8696.671211
11976.720000;11104.831881
31142.940000;9082.523278
6889.470000;8825.056271
29505.510000;10518.472218
5338.790000;9281.923431
6540.870000;6333.091694
7335.400000;10054.787495
436.870000;1568.088380
5215.220000;8058.366401
9537.480000;8796.300646
539.660000;11657.840353
626.940000;3082.913899
3223.000000;8018.053209
4718.460000;9249.336882
26596.610000;13840.110739
8553.000000;11465.682580
3946.800000;6760.237942
9469.490000;8155.809222
5114.460000;11414.119957
5529.390000;9774.818001
141.880000;1468.639600
8027.000000;11286.501246
10430.050000;9624.606295
6957.820000;9185.358360
647.010000;3122.972590
9984.550000;8176.243135
21006.980000;16256.038995
9572.890000;11072.050052
300.000000;2797.808708
1595.720000;-95.060363
780.000000;2852.569905
6835.540000;7421.982062
4025.870000;8013.334562
1220.090000;8339.987509
3643.340000;7099.182264
13324.050000;8715.617617
10341.660000;9309.191570
21556.500000;6923.757236
5657.790000;6477.173763
12352.620000;10285.715287
16896.680000;10316.925108
6472.000000;7044.872011
5153.060000;8999.895543
5606.880000;6966.880186
9493.450000;8855.636307
11733.910000;7904.999973
6948.450000;9976.349811
3679.160000;8818.992979
20459.540000;8903.459862
7839.760000;7826.930753
7384.330000;4508.109232
4267.350000;105.129194
28598.440000;13797.604077
3300.000000;12735.001891
9722.060000;11770.849733
3012.700000;6371.724133
10038.180000;8043.865020
6027.140000;6692.550640
9449.290000;7322.425477
10397.420000;9886.778814
3837.260000;7619.727466
3385.000000;8615.157748
5418.710000;8756.315520
6111.330000;7963.457618
5958.400000;2324.238088
2280.000000;6154.547122
584.530000;574.766791
1100.000000;14127.293950
15250.320000;9090.679175
3200.000000;4497.512874
2942.000000;3978.042336
3796.860000;6401.668922
4571.930000;6076.109610
13221.160000;11060.022022
4740.160000;15092.121914
10049.950000;4867.734606
9754.360000;9873.695002
10410.110000;8897.334824
14221.140000;7880.623736
340.520000;-367.459160
11365.400000;7708.974747
2606.580000;9296.859764
3725.630000;9080.020241
3211.690000;9596.945942
5034.390000;9010.797740
4521.550000;6447.447127
10717.040000;7915.813961
11238.560000;10060.444088
8390.310000;6542.899773
7356.350000;12388.037820
2328.400000;2426.646102
5541.620000;7330.983528
2582.290000;5740.784402
4295.810000;7622.409211
37216.220000;1881.814368
6003.800000;8257.033943
5838.960000;5745.741825
16311.490000;10469.068508
4011.480000;6834.431635
9002.540000;7913.731988
10338.770000;8983.279709
25102.630000;14581.224122
4905.580000;6508.807085
39458.770000;10388.200344
4373.330000;7373.883337
8000.000000;14982.475784
9787.400000;12309.257180
4214.750000;7742.276181
1729.240000;3646.743492
3865.830000;9047.694251
7233.690000;8695.565038
5400.000000;5924.472423
3600.000000;7520.112625
2045.680000;6537.422177
3495.710000;11141.337328
2070.780000;7567.544424
3806.190000;7136.719794
5736.030000;7863.771497
5662.960000;6744.668722
55.030000;5954.035992
3537.040000;14598.733042
260.660000;647.584008
7044.540000;10420.385206
1837.760000;6221.164037
3475.440000;15149.500851
3267.370000;5816.490210
3991.240000;7893.521953
874.650000;8741.941985
6267.320000;5776.413294
6824.920000;7377.142027
9877.150000;9055.085591
1886.920000;1432.493060
12810.380000;10191.089346
3027.770000;5645.371098
6931.390000;6782.547409
8700.000000;6782.259188
8696.050000;5744.233199
8484.410000;8770.031598
5149.990000;6330.099655
5734.070000;9392.969148
5999.620000;7342.941299
9830.000000;5803.502926
8121.250000;4623.937961
14207.780000;7656.397651
3830.290000;9148.285263
8398.890000;8732.370843
5420.150000;6528.020865
1347.540000;6122.884159
5049.340000;6418.963785
4824.250000;9112.863314
3522.970000;7459.159302
6780.900000;7570.316227
47.190000;1496.246537
15022.020000;10074.709785
9926.590000;6517.379924
6346.400000;6517.379924
6321.630000;7464.374319
8338.480000;9916.064766
8643.510000;9916.064766
3340.610000;8867.975710
6734.170000;10950.357332
500.000000;1030.701137
3938.630000;5951.359076
4098.630000;5794.177672
13912.570000;9978.240266
6220.750000;4307.854642
3702.240000;5856.535074
4750.730000;7257.831810
3234.990000;3227.053318
5826.320000;11215.631659
7205.430000;7480.292794
7618.450000;11619.087095
54.410000;1466.132159
7781.750000;9091.419703
10503.810000;12202.855543
10456.170000;6373.642855
1800.000000;4286.325721
2236.030000;1658.856215
5948.540000;7347.582352
1401.010000;10850.175726
1736.540000;12637.432577
6843.790000;7682.238724
25859.400000;9838.534053
1260.580000;680.080498
2864.740000;3029.241892
4632.070000;9949.290603
8255.540000;7589.904134
4137.220000;3906.923950
7402.020000;7248.252757
3083.690000;1737.576688
9747.720000;10910.462786
2247.180000;6127.448234
1901.510000;2744.796360
4525.550000;8058.129142
3680.880000;6027.599204
5433.280000;8203.722834
4839.880000;10007.886315
3009.000000;11879.828867
8099.060000;8982.168164
10833.380000;3772.415381
5887.540000;8148.513921
1207.090000;1088.235368
11836.560000;5440.684930
11836.940000;6839.871930
8003.870000;8097.379731
14040.980000;8013.613975
6512.780000;10089.190900
6935.930000;8766.251944
6961.500000;11400.958022
9502.660000;11352.797181
4589.790000;5375.055172
3600.000000;6364.540453
3600.000000;6531.128770
57.770000;876.785777
9259.740000;13974.036760
7760.310000;9053.224857
9873.050000;5810.384464
6209.400000;6588.557929
5706.160000;8803.040921
3662.200000;7704.843391
3794.020000;9273.265215
85409.440000;10946.563418
3277.400000;4351.687512
9957.280000;7750.939304
3720.000000;6450.189765
6182.670000;7586.839599
12039.330000;7742.888701
6789.280000;5765.011211
3473.090000;9783.401405
12359.060000;11257.181921
8144.630000;7968.020981
15310.990000;10951.245482
87.090000;1762.270689
3530.080000;6346.886225
6226.570000;5802.028775
4460.150000;12373.118702
8280.760000;7405.523239
6580.430000;5755.762157
6281.380000;7209.254834
2468.050000;1509.119717
3600.000000;9648.866581
5109.060000;6878.185651
23196.410000;3364.280991
13276.150000;7552.495481
8565.850000;7328.930516
4200.000000;5741.777407
6072.870000;7158.240806
4597.330000;8946.956280
3492.100000;1825.788893
6439.700000;6918.028979
181.100000;246.970208
6949.610000;7510.293425
4033.750000;6267.623621
4521.480000;6253.876907
13901.760000;10980.668162
3074.660000;2122.981370
5561.860000;9042.096856
8305.800000;6014.078406
9507.320000;10720.765376
1278.610000;317.674966
6218.450000;6738.184601
6065.410000;7155.190625
606.930000;-1311.978864
4459.880000;6830.792468
3856.460000;6989.364170
2606.580000;3160.304195
5762.620000;6712.908052
11394.870000;11145.125346
7827.840000;9358.960969
15458.890000;9914.782966
8218.480000;9811.080752
1140.210000;1499.616138
12332.810000;10921.014483
3799.660000;7360.888296
10790.820000;10257.486545
65.160000;1496.398463
13863.200000;10175.910567
15768.920000;10654.661257
231.000000;2693.191056
768.450000;2453.030262
3505.850000;6015.159494
4783.230000;7797.381089
127.830000;3035.506524
439.530000;738.312974
3532.870000;9036.377452
7588.920000;1525.089814
5025.070000;-1039.348167
3302.130000;12907.020933
4878.260000;1574.651769
383.350000;5722.711597
2207.560000;1131.417916
2657.920000;10095.948443
2187.200000;12466.825892
375.860000;7090.150225
3339.720000;7151.638067
1681.060000;1551.383365
915.200000;-571.458016
2168.020000;6205.758149
5725.100000;5671.905977
19.270000;7201.429496
1899.170000;1644.822910
2308.690000;2783.645964
1962.490000;13573.135563
1950.600000;3054.751854
3333.150000;3508.584225
2969.860000;1775.212559
5603.780000;1142.233734
957.680000;1072.907541
5779.890000;6106.909293
52.490000;5707.810717
108.430000;5966.174983
3736.210000;6859.077578
2522.570000;3678.547195
573.620000;-295.232630
270.640000;257.335412
20732.110000;12050.990658
5564.820000;11844.376714
2912.060000;2322.572420
12409.780000;12004.070174
7331.780000;10585.113763
7200.000000;5888.480637
4375.270000;9262.787555
3910.830000;7491.231030
3546.150000;3240.153844
2322.980000;1846.722420
7811.680000;3583.955513
10059.270000;11330.973899
13688.160000;8062.097921
6320.970000;7418.660860
4691.210000;3654.570514
2050.530000;6205.098032
1667.270000;2831.277736
3409.760000;5857.172408
265.670000;1321.760685
10846.270000;15445.016627
4442.620000;7255.581831
3533.910000;8240.964501
4692.680000;8257.156067
777.350000;3241.083159
13545.510000;10131.973472
1976.250000;4671.787515
7195.320000;8315.036873
8461.510000;9028.235892
1297.530000;2529.632872
5612.100000;3175.340104
9346.190000;10891.736788
16592.740000;10083.072602
6319.870000;12968.255272
1000.300000;12898.982293
4200.990000;7007.919086
1166.840000;2178.240438
8726.690000;8180.044544
4653.170000;4320.358932
4777.730000;6913.049611
3828.410000;8846.635967
25593.000000;6568.574586
341.110000;8879.458755
8770.910000;10416.243933
1593.820000;2116.789461
19512.810000;11632.202367
11570.590000;10825.078121
6347.720000;7950.241581
4254.780000;10473.332890
9440.510000;4149.364267
1936.180000;3454.956645
3757.760000;5136.626213
1267.630000;5466.539934
1477.840000;1167.516222
3925.430000;8078.291584
32074.100000;7251.231974
3041.010000;8082.414544
13142.250000;10310.346434
9201.070000;8586.237153
7596.720000;9994.939403
7734.940000;10804.955079
4596.120000;11592.471994
38292.090000;10700.217554
7837.070000;9851.578307
583.410000;5741.105811
12892.580000;12999.356035
8955.970000;10303.345760
812.260000;2749.113324
7421.040000;11480.321832
6948.900000;12305.578740
5360.140000;1498.232632
10859.950000;6907.949477
7117.640000;5987.036876
5255.430000;6681.404069
13354.090000;6956.701875
20309.520000;10471.687369
4471.800000;6877.240484
28.960000;343.664334
5438.170000;6544.761100
6907.160000;10140.830024
632.300000;4419.835833
12850.150000;13387.811962
7662.400000;12717.353876
11742.740000;11427.706812
4423.540000;11321.737871
2879.350000;5743.649764
8897.300000;10123.560324
5199.040000;3894.044033
8237.870000;7933.700030
4326.490000;7755.816435
14588.550000;11429.780618
7812.610000;11157.766590
6369.090000;7916.601251
3560.520000;8978.204517
1587.580000;3404.494605
3600.000000;9020.227665
8181.910000;7902.744687
7585.260000;7821.546468
5361.490000;5752.760948
301.680000;6056.340142
4967.350000;7902.733125
9823.530000;9735.585454
8612.630000;8004.666690
2947.360000;4262.328554
4988.700000;4478.246117
14770.040000;9251.696368
7237.560000;9046.621760
880.270000;1001.311931
16824.030000;6415.747430
14801.320000;16155.506257
5157.370000;7854.310081
4309.300000;9854.890857
3721.470000;9010.840646
7262.090000;6336.357935
16789.950000;7986.051888
10921.910000;8942.459115
7142.600000;6732.984588
673.860000;-3.710497
3342.800000;5936.819758
10761.210000;11389.500341
631.420000;2593.394250
263.740000;2231.762513
5320.000000;11657.845372
7623.310000;9017.898750
1150.590000;3770.696794
3788.570000;7955.396603
2102.190000;195.279430
640.810000;2182.126216
4250.560000;6472.395762
1890.000000;6491.925677
3600.000000;6645.570779
12749.760000;10092.923069
5438.600000;7756.514240
4388.040000;7892.784813
9792.460000;1535.710959
7684.440000;5641.304477
5166.310000;10074.272024
4902.040000;10105.770066
683.930000;6585.199780
3505.850000;12559.318750
17000.000000;14841.093779
3600.000000;6228.142654
5902.760000;8513.251310
12675.100000;7006.021654
4101.210000;5938.419832
7615.070000;8846.748327
12297.540000;7781.470770
3600.000000;7777.625663
6587.230000;4997.776003
3024.910000;5229.471435
3075.550000;11477.743547
900.000000;-499.568481
900.000000;395.375840
3049.730000;11207.434575
3827.200000;1530.108560
13410.030000;11303.756258
1931.500000;1564.010601
4163.730000;6611.847965
7660.090000;6675.651456
3694.550000;6829.474361
5255.140000;3607.109447
4834.290000;6600.997801
24411.150000;14195.601054
32017.870000;20191.742036
1749.660000;5769.546373
3788.160000;7655.825676
7830.990000;9899.011863
13901.510000;7400.006442
9338.750000;10116.030484
7456.340000;7727.456492
3688.860000;7684.103650
10199.120000;8889.616742
3368.110000;1346.177169
484.810000;1861.008531
3600.000000;5907.856522
4290.390000;5967.295720
6435.650000;6628.523212
4014.130000;6532.489751
6997.750000;5637.596047
8145.100000;10290.384011
5233.590000;6567.166405
7620.340000;6856.991532
9050.820000;6567.297118
3787.060000;7612.695429
2461.640000;1524.943382
4498.700000;7751.770017
9064.320000;5690.290308
7318.630000;7710.238906
281.130000;8860.400190
14056.910000;6539.057722
7951.800000;7631.175768
348.300000;4915.905381
50.000000;1971.760238
11441.440000;6538.429909
5870.240000;6493.101228
4431.190000;7619.064477
1390.180000;1517.341852
4626.680000;9775.261183
880.790000;4726.111292
850.000000;5078.655046
6636.160000;7460.219347
9688.920000;9025.663704
21992.160000;12177.100217
699.520000;-574.042712
12146.660000;6711.542628
1230.890000;680.247166
4800.000000;7448.780286
6189.450000;7430.964601
2494.340000;409.834614
11981.210000;7487.797744
3529.070000;7224.321569
8936.470000;9690.027130
8327.930000;7408.604692
5510.220000;8689.388506
4616.390000;7060.335806
10527.060000;6516.514061
5529.350000;5388.524912
13288.310000;5787.118395
12704.910000;7414.944729
8953.330000;9743.663344
440.220000;1486.222227
5715.200000;6383.826614
8045.040000;6143.022407
52.130000;-586.032916
13713.860000;10776.009861
15256.540000;6248.871921
5279.760000;6599.036796
4793.840000;6135.599217
4478.700000;7017.017266
11213.650000;6212.378612
7685.590000;8724.295594
1523.290000;3410.674454
7016.700000;6242.128964
1200.000000;5047.733380
18000.000000;5110.106538
13157.900000;6106.480281
13157.900000;6837.767259
2812.050000;-967.060581
11120.760000;9553.298310
1589.790000;6056.881632
407.020000;-2326.062812
13375.250000;11536.313033
3500.000000;14424.394673
22313.420000;8500.729559
8958.700000;6058.605585
7523.080000;7279.119798
44201.470000;11426.058734
5368.300000;6220.434554
16437.730000;11786.246776
18693.900000;10440.316838
1650.830000;13891.799895
4552.950000;9520.012558
24968.740000;10680.076183
14705.640000;11434.429552
7384.930000;9406.209780
1046.680000;7436.985534
4461.850000;6804.649515
1687.750000;3246.303278
3890.300000;5967.597263
6410.640000;6125.762144
6925.620000;6107.856457
3698.580000;3937.738560
1680.000000;2632.504872
19027.170000;11048.156478
9472.520000;8007.909366
3092.540000;2224.495533
3268.320000;1502.121430
9779.470000;8188.485679
6222.080000;5984.351003
12644.510000;10251.846193
4775.410000;11309.003040
15804.770000;11003.086970
11642.210000;8025.868995
5227.030000;10107.503038
9708.880000;9027.744842
3491.200000;6715.095614
1387.160000;377.226703
18799.640000;11277.247803
2191.330000;7204.844867
10979.080000;6594.859020
2056.310000;1489.797421
12164.040000;5334.402622
3956.740000;7812.801241
5979.880000;9838.119223
9152.190000;9817.556368
2702.510000;697.756368
8641.950000;7848.525602
5256.890000;7881.562980
986.220000;5847.374414
17257.080000;9724.739472
9774.860000;9727.333464
9363.110000;7236.060094
4205.320000;9541.259102
5195.160000;5110.388503
6089.500000;9344.494031
5897.790000;7922.855430
6453.550000;8905.617144
6843.080000;3580.899338
2128.490000;9425.322551
6834.080000;5834.260363
7248.150000;6250.215742
4551.040000;8738.100142
3649.210000;6474.704776
6966.250000;10165.517757
27795.200000;10506.073146
22469.660000;10599.702608
1990.210000;9769.469726
9719.020000;7579.083567
4446.990000;6773.238349
3559.570000;7757.991125
765.320000;3602.021555
3600.000000;6445.760771
4086.680000;10480.830687
17059.290000;10327.056059
4725.810000;5974.791890
8204.910000;6008.117489
15561.560000;5465.996261
15539.740000;10580.023040
8487.310000;2067.272946
27805.000000;7780.194357
6371.640000;3763.848187
14120.130000;11328.752318
18289.940000;16286.988744
4432.790000;10212.660270
74.940000;-1696.151920
11404.730000;11655.152313
23613.090000;9144.235138
5567.020000;8035.155533
11934.520000;10383.772002
1857.930000;10175.906943
5587.180000;8892.308355
10877.740000;10284.741199
20093.560000;10221.745116
2528.450000;73.255060
2044.190000;-534.400540
16155.940000;11732.262188
9164.140000;9241.631814
2930.340000;8824.369424
3976.850000;7085.547420
27455.980000;11253.717071
4550.000000;15148.518269
14951.320000;10408.720545
10222.200000;11626.824289
12297.670000;10487.121845
9615.220000;11418.790726
1749.430000;11103.902071
3980.060000;15199.790348
9262.760000;10649.468449
2092.720000;-609.351940
5816.350000;10649.756670
1474.210000;1167.732025
7302.920000;11670.153357
11145.060000;7127.554839
11191.430000;11787.585165
1158.480000;5813.610099
1595.240000;1361.804299
6904.400000;5751.880387
4225.560000;5666.002067
12861.250000;9929.238651
29708.940000;11135.782286
3761.010000;4318.725602
11737.660000;5580.821643
9031.180000;9056.546465
10450.510000;10613.934542
6850.050000;9810.679258
190.540000;2436.872682
11057.930000;7313.966459
13262.890000;10881.662808
2964.210000;6023.158442
22265.750000;9653.970115
1516.490000;1520.511319
352.610000;2260.085669
753.010000;10706.693854
331.040000;1482.792146
10725.080000;5636.533545
9197.110000;8690.212173
4251.870000;9030.385476
10610.410000;6574.090174
7868.070000;7827.002577
6331.650000;8963.098641
14473.690000;11316.249558
1750.610000;5069.993375
8007.380000;11685.641828
2869.510000;13010.935936
10475.320000;16084.808369
3785.390000;4670.221150
18655.730000;9593.623497
8591.660000;10030.005218
747.270000;-1009.398355
15840.500000;9260.327501
3493.900000;5804.350193
8369.320000;7132.569527
8735.100000;10187.844277
1030.740000;3422.154778
3844.770000;10219.800163
11923.610000;8782.563848
2171.830000;6984.243502
7890.650000;11145.255899
8029.140000;10304.851133
13721.050000;10179.803252
2122.490000;9017.572176
11287.910000;10194.987750
2306.260000;6734.105337
127.430000;6096.554123
12574.250000;10192.452904
24399.410000;8829.690545
35284.330000;10339.627650
363.370000;1498.682001
10072.940000;13720.949920
20161.850000;15361.412633
18004.800000;8188.279328
2594.340000;3784.682790
31932.420000;11622.478207
6889.470000;4858.592362
12842.130000;10535.497537
3712.150000;7608.866761
5038.590000;7184.555526
17793.250000;11615.458170
5041.480000;11084.489749
6230.130000;10039.908010
4921.990000;11153.796472
10062.810000;10074.338630
257.630000;-1026.786036
7858.150000;7553.913087
6183.490000;8240.575502
4504.300000;9006.066073
8547.750000;13329.401945
3675.000000;16367.367972
15219.900000;10433.709592
2375.500000;-99.627551
848.050000;4002.896725
208.960000;1500.915368
5905.000000;6503.322008
4627.780000;6413.333601
7996.810000;10423.444066
4747.250000;9341.380145
10247.780000;9051.179019
26782.900000;10161.689192
1783.020000;711.456993
16151.920000;12665.520943
6722.110000;11516.845026
938.090000;2111.168733
1673.330000;2481.176843
359.180000;3227.920836
7764.020000;10228.210315
5010.850000;10280.478029
5070.000000;9260.646229
14549.570000;9150.065747
5412.390000;5917.704135
12838.170000;5948.913955
5039.770000;11375.145229
9715.030000;10934.057342
401.340000;-964.626798
13218.520000;10561.145988
4549.000000;12513.986724
1350.000000;7491.301914
7534.370000;13215.465241
5741.220000;8286.485053
3210.370000;3031.962496
29068.350000;15289.961148
11179.710000;9333.201734
7350.480000;8746.184574
11884.190000;11092.464677
9987.480000;11673.313430
35731.740000;10630.725939
11125.380000;9405.594465
17627.950000;14676.180416
28301.730000;16632.363856
706.580000;-581.238518
11061.190000;6146.533384
7902.290000;11032.785397
2623.660000;1626.383952
4525.450000;6331.418882
10129.570000;9881.443532
2310.310000;5575.823563
1031.480000;5941.019623
6310.570000;14780.326760
5343.460000;5871.005781
6156.040000;8978.290621
8000.000000;16225.650586
3277.630000;4292.469777
7014.190000;6871.326017
8569.210000;6135.182598
9544.600000;9037.275851
5510.400000;6780.020447
7659.350000;10358.722879
4443.390000;10215.878932
4576.650000;11516.052029
7150.540000;10419.596627
86.890000;10456.190890
8342.770000;11211.711765
5708.930000;8284.301360
10913.100000;16183.236428
7725.590000;11150.529103
2136.570000;7823.734398
685.320000;1532.099657
5802.000000;7598.190912
5293.620000;7423.363232
12310.980000;9848.719616
19879.350000;7721.616953
4924.140000;8659.245601
5364.840000;1873.632493
3311.260000;4643.806949
1683.850000;3431.171914
6003.200000;10099.279595
15952.680000;11384.041006
6878.740000;11179.171519
17770.820000;11131.010678
3047.890000;2476.922898
8034.130000;5614.705238
812.120000;1459.908833
39349.040000;15539.165516
11787.870000;11857.484349
8868.610000;12199.347867
7624.270000;10566.263367
3295.900000;6482.982102
4887.820000;1491.193207
7103.880000;11035.983878
6209.940000;7139.477925
13057.630000;9883.275081
6160.520000;10827.537505
3987.850000;11393.940650
6805.260000;9149.978598
634.370000;-579.234270
3495.500000;5914.689510
9007.760000;10188.368501
21056.470000;9522.895154
5281.000000;9709.319915
82.900000;-547.464436
7597.500000;11428.116264
2887.760000;4169.083605
12236.520000;11613.548057
11724.780000;11439.683269
9767.950000;9154.959772
8820.490000;11365.606045
269.210000;2132.597756
1241.280000;8962.077744
12634.200000;7741.415941
5028.480000;8927.048426
10739.040000;6206.537685
5731.520000;7278.310701
10031.300000;5909.812624
6325.190000;6646.448775
28565.890000;12690.331113
1009.550000;7459.325969
4900.000000;13082.542446
3311.240000;5940.850100
12957.800000;11034.462071
9840.930000;8838.444214
310.600000;1984.964680
8675.900000;5077.168250
1329.400000;5998.028005
451.810000;6882.663831
17759.290000;11917.973618
4540.750000;6339.120768
748.380000;5495.590950
673.080000;1460.316355
618.020000;5776.322317
4691.840000;6054.871464
8805.400000;9182.074549
1498.260000;2125.529558
2371.610000;6504.114733
4073.530000;10145.148600
4052.380000;6697.459863
2489.560000;4106.333554
7655.910000;8110.078217
7759.560000;9027.586884
9930.440000;8074.279986
79.740000;2379.729264
19425.180000;9856.726302
11950.920000;9426.081575
7561.140000;9573.886797
3710.000000;14366.482714
19722.430000;9219.136316
4232.330000;6953.714895
4594.500000;6758.091087
17381.480000;10150.699565
12096.300000;9119.966874
5653.230000;6156.299894
12239.780000;9589.857072
6258.450000;6206.897047
5815.740000;8873.050143
14512.410000;6523.940675
1919.580000;5685.429997
1752.930000;6193.965856
742.010000;1528.301781
53653.900000;10377.919019
14981.910000;8983.540019
4560.410000;7553.200512
9659.910000;11053.158409
1111.190000;7118.351211
1296.340000;1329.487647
13812.000000;11021.602613
4428.540000;4838.850620
8369.910000;6228.107961
434.430000;7715.150090
708.230000;-552.674268
13902.500000;9870.335054
4145.200000;5934.564380
3519.300000;7783.524940
9124.540000;10132.629722
4323.370000;10369.083773
4126.780000;7140.755001
4685.690000;8113.958764
5098.920000;2338.161639
6223.130000;9334.798539
4540.110000;9806.416422
15742.350000;11536.863016
26618.020000;10512.386211
2751.590000;2571.015350
4199.910000;5999.261557
8151.080000;6950.400421
24619.420000;14432.714557
682.510000;4223.647605
4748.490000;3914.853715
3170.550000;4249.781498
21464.480000;5526.932698
10104.260000;13526.234762
14437.600000;10231.918933
930.990000;648.786995
6829.880000;6633.970367
9404.300000;6569.434947
4180.310000;5582.317931
11234.270000;6554.918589
1546.970000;2479.898147
7850.580000;9676.391739
11410.720000;9657.711390
7385.560000;9119.526590
6340.650000;6939.660594
4058.650000;6857.019981
15224.460000;12752.591683
7007.210000;8926.204140
6182.060000;5862.868175
9301.630000;6628.730993
1925.780000;6031.233350
8933.540000;9412.699129
6280.550000;8845.512912
4391.020000;4180.406023
105.570000;9019.026549
14644.680000;9899.085152
17326.080000;4999.537152
10189.710000;9468.752565
12086.080000;6825.871023
3673.140000;7049.346167
1530.880000;7697.737319
7847.230000;6180.885291
2973.220000;11312.512530
4984.200000;6449.788549
11339.730000;9655.903343
10877.300000;10340.356982
4120.320000;10274.380455
1611.130000;7550.694292
7252.230000;6926.586457
102.780000;10266.856091
4760.230000;6122.444542
2577.250000;1591.179886
7809.410000;8093.607110
2204.820000;7565.099154
4542.600000;7728.785438
11787.970000;10038.088125
9082.560000;7055.606312
6033.140000;6722.711980
3893.970000;8720.963959
1497.700000;7535.601616
4404.450000;6040.539509
9668.450000;7833.953003
8141.060000;9146.923143
9314.250000;4989.229492
3804.100000;13093.210007
512.760000;-557.987742
121.440000;-574.938762
11043.330000;8040.271191
11312.260000;11506.491852
5998.650000;6150.425152
1160.000000;1928.800239
5085.420000;10421.852954
7446.630000;11114.600417
3465.080000;7591.033288
100.740000;1537.206530
359.850000;4027.798386
13937.190000;10999.440152
14634.200000;9846.821786
3902.800000;5927.132913
3273.850000;10209.488413
9382.000000;11101.079209
6305.330000;6709.279251
628.940000;3718.685354
15766.350000;9786.616180
10326.830000;9849.900485
4828.770000;6957.151139
4638.450000;6954.458918
7543.560000;10070.063887
3498.660000;7803.574921
3937.440000;6889.432985
8741.560000;9801.355431
8868.160000;8070.586393
421.030000;2485.403558
7563.290000;9758.369079
695.000000;1469.344576
14551.660000;9993.888556
8540.300000;9548.373995
13329.910000;12290.637774
2396.290000;4491.061370
9185.630000;5736.461126
2780.350000;5761.032832
7298.570000;9931.701290
5299.450000;5967.934997
5202.390000;7744.006543
9072.290000;8126.054947
4360.760000;8026.715625
11891.080000;8867.446148
3852.500000;7458.722588
2386.010000;6432.679299
3662.050000;7791.701644
3702.860000;9014.844308
3600.000000;7494.841042
5196.130000;7100.203378
3781.260000;6288.325549
9728.730000;11961.248331
296.070000;1813.493983
6723.030000;7713.263921
248.720000;402.592443
6162.750000;9805.903043
1191.650000;1479.603186
10015.060000;11314.437835
8227.650000;9605.796484
2006.920000;4510.787380
7513.300000;7930.886618
5601.540000;8098.214078
14813.940000;4220.391213
3600.000000;6621.384134
6199.040000;7498.460797
9944.740000;8087.802529
3600.000000;7914.802405
7545.640000;9044.209755
10360.000000;3227.287538
5747.910000;6704.905438
4297.650000;5712.738994
1948.890000;6933.407186
7718.280000;6773.365364
895.640000;4732.205709
16922.950000;11543.830557
3483.560000;7965.406450
3963.680000;7630.972782
970.000000;12139.504752
4898.400000;3376.776717
7269.320000;12416.584588
21098.760000;13103.354951
5420.590000;9438.374026
8118.480000;6425.813818
4111.740000;7615.982874
9634.080000;6425.618875
2306.000000;4738.824352
6924.090000;7600.664468
3600.000000;7970.940597
3505.850000;6677.167844
876.460000;3012.298502
3713.220000;5985.492872
5948.180000;10285.268437
4593.200000;2231.226627
4224.710000;8258.530866
4842.790000;6080.693739
2944.830000;5644.369995
9968.010000;7476.205255
2500.000000;2441.113479
1083.180000;783.910874
5533.020000;6425.920149
24611.000000;8100.692392
3420.000000;10917.242401
292.300000;912.786214
5592.860000;6009.383525
19676.960000;10384.829443
7703.890000;10469.584548
3996.700000;7044.665686
5287.530000;9239.531502
4531.850000;6113.075591
21403.610000;10120.053683
2707.590000;10258.841511
4031.820000;9400.707403
7692.820000;12136.482376
5855.470000;5080.613904
193.450000;2959.333645
9643.410000;6279.647633
5189.370000;7310.389065
13443.540000;10787.467840
1103.750000;1590.014184
1409.670000;3199.960783
3875.470000;3312.075912
5466.080000;7966.103993
4559.380000;9196.542797
10004.170000;5972.324096
9966.500000;7260.524153
3201.780000;3907.291015
190.590000;3568.748983
11533.550000;6060.002303
2587.330000;2075.958859
13553.700000;6380.838391
2570.020000;6422.995560
15974.270000;9730.816480
5085.530000;9841.709745
4108.930000;7620.689399
4057.390000;7602.496155
8278.970000;7522.359058
12941.040000;9914.509273
3306.000000;16275.330851
16975.500000;12184.739507
24870.730000;10281.105080
4601.820000;7854.737793
7658.100000;6618.355830
4998.170000;5390.151404
29485.290000;9574.438160
3487.760000;6008.254311
6691.500000;6215.624027
11016.240000;7348.986011
4062.650000;6082.426735
9088.430000;7394.328967
10798.190000;11338.998664
1452.730000;1291.430398
3200.000000;3364.765070
12125.720000;10877.126526
365.760000;1460.437952
1147.090000;2958.106224
10240.320000;6581.365367
8208.010000;7550.085237
2340.700000;13756.726686
3150.020000;8955.291611
14910.400000;11282.900986
4574.140000;7848.737124
11568.120000;11400.523848
12808.800000;11175.113659
3430.790000;6496.473771
5206.360000;12786.103086
397.850000;-3326.818801
605.210000;-3519.462167
3824.870000;7767.567619
9129.690000;6813.961263
831.380000;822.304618
1411.760000;3989.430109
7382.600000;10337.332936
3600.000000;10352.456400
15851.720000;11478.070148
22547.060000;11429.909307
9106.390000;8402.111382
9301.790000;6392.847567
3645.390000;7033.248673
17989.850000;11394.962276
4127.980000;1497.098402
7239.930000;6957.770862
10029.850000;7613.816085
7446.580000;8261.154645
6230.220000;10613.301104
8218.840000;10799.159549
1752.870000;6581.281039
6907.750000;8639.054567
216.810000;3669.701394
4914.540000;7102.263286
2630.930000;3652.527552
150.000000;1476.426378
322.910000;1317.316565
1088.000000;1497.392315
7489.780000;6571.244094
489.370000;4850.482219
3560.030000;6457.971390
800.000000;12336.179250
29439.810000;10853.843452
7407.650000;7846.065880
8649.140000;6847.865517
958.320000;1501.999711
6102.060000;10203.628510
7474.620000;6093.100648
1373.240000;448.441528
3327.780000;2443.787611
14400.000000;12110.240011
3244.030000;4170.020361
12172.520000;6201.198703
5410.760000;7359.941065
4195.940000;2707.514160
4770.590000;6137.058933
4151.840000;5396.739197
9296.550000;6244.337293
6849.920000;9604.195419
3554.510000;6256.070091
3637.880000;6372.666679
4491.450000;6564.923594
4814.340000;6223.609093
3830.180000;7416.425425
289.620000;3011.395233
11984.590000;9609.039298
14402.920000;9343.780953
6612.090000;7048.717250
2056.940000;2786.577389
7784.110000;5940.833947
5661.730000;8202.081677
8400.000000;6049.384418
4759.640000;6420.795783
3124.740000;6081.878222
11877.260000;11745.565223
4019.630000;7312.095016
274.100000;1897.878472
10417.570000;5324.619962
8815.230000;9445.661010
599.460000;1483.652929
1968.730000;1638.036642
5066.330000;8749.727578
3454.800000;5665.029123
4306.250000;7839.077194
9644.560000;7824.040786
9943.760000;6676.298480
7308.720000;6474.106086
5649.660000;9050.675174
7456.830000;8940.382913
4860.170000;13935.985625
933.900000;5717.599708
6397.710000;12646.380191
4025.590000;6210.613090
5208.000000;9021.318229
5616.040000;9022.472402
4392.940000;6921.722280
5107.310000;7015.351741
10503.870000;7755.620370
10217.090000;8830.519542
3436.290000;6667.311760
10605.900000;9802.556548
3791.490000;7395.141465
10156.190000;6301.005870
3890.880000;9740.492756
400.920000;1274.207096
4340.790000;6704.541741
8308.950000;8916.225495
5040.000000;9482.346493
4254.980000;14034.367077
5965.050000;5107.129735
4239.050000;8449.272484
4259.650000;6346.553193
1275.390000;2390.763319
7757.180000;9431.987249
4191.250000;10815.056677
7348.260000;7342.214068
5116.830000;7447.114226
6589.620000;6477.817913
2327.800000;3199.526143
3996.140000;5470.949345
3008.340000;4981.311986
7305.420000;8066.198404
4860.000000;7414.648684
6165.850000;6117.744251
7493.080000;12012.256639
2163.100000;3622.839774
5988.890000;6944.541689
2818.000000;16527.754629
1828.020000;2195.110161
10612.300000;11529.275850
10024.260000;11026.157784
6.530000;2190.115781
5346.370000;10426.965316
489.120000;6104.214148
4303.190000;11069.120612
4573.100000;13076.838575
4301.960000;7028.035944
6826.480000;9634.362054
1277.610000;3787.499020
4158.360000;6415.630813
6020.290000;10110.974181
7185.860000;6856.634721
5346.240000;6699.829203
7770.280000;6855.878305
9967.750000;7540.948933
1193.520000;4083.527530
10739.980000;10235.488776
9977.340000;2717.771319
7253.380000;9900.565410
9662.980000;10027.249274
6386.860000;6595.485037
4106.670000;4183.794312
4337.920000;10025.608603
8262.280000;5859.285908
3514.080000;7032.215722
4725.810000;6798.327515
607.550000;2176.941132
10999.610000;7637.922218
4245.660000;7670.843847
3548.530000;6641.375522
2432.590000;3869.906547
332.010000;2928.135695
317.870000;-543.989010
6040.630000;7163.935121
3500.920000;8790.626215
2550.510000;1522.539887
23012.630000;7179.019109
3600.000000;5994.234495
1563.200000;3575.331512
1764.470000;2316.817062
3387.570000;7944.819515
12731.420000;7001.714686
14494.580000;10303.701410
12743.280000;10404.418187
4289.020000;12852.419087
3491.000000;11499.972203
6389.290000;9005.903542
6763.120000;3337.912445
13959.680000;14102.992007
4838.700000;6990.881696
5937.500000;7919.578047
5121.010000;4671.981337
9386.000000;6277.529330
3566.730000;5956.329974
1482.850000;1950.751551
971.550000;-1937.408007
10554.190000;5572.203881
3342.240000;5963.367985
2550.510000;1344.432876
15197.710000;9425.506583
10086.960000;9412.400669
354.650000;1486.291643
13871.560000;7303.649066
6000.000000;9190.523964
6272.140000;6270.162639
4075.850000;6225.403960
10329.550000;9560.977851
5315.630000;12380.901754
8533.170000;7762.978355
6501.900000;6428.614995
6547.040000;10109.422801
4452.300000;3051.015594
7064.350000;7012.380454
43013.480000;7376.800761
5946.060000;5932.145140
8760.440000;9396.478050
6667.310000;10168.215983
10821.020000;8060.597913
10908.050000;10071.447430
13492.970000;9906.784623
14435.830000;11023.445674
15769.420000;9764.373887
6488.920000;9747.134644
9709.900000;7051.488130
1247.500000;124.296049
44355.020000;14925.883770
2676.090000;11184.170568
10664.800000;7914.457825
5802.530000;7639.946856
13135.550000;9177.283723
5107.160000;5797.758435
4584.470000;11132.430090
7134.830000;2355.290380
10140.860000;7832.629945
5207.140000;6185.917460
762.360000;8992.958894
392.200000;4510.956314
4385.480000;6507.123562
3456.890000;11967.163334
3727.000000;6811.041191
7782.640000;7674.624830
6336.020000;7657.962031
2782.850000;9550.298693
7419.010000;13086.537093
5292.970000;6218.313756
1096.570000;6955.452945
3503.170000;6615.101716
8464.640000;6711.423398
24301.870000;9854.132085
2416.110000;7371.113383
4977.240000;6161.265590
20583.800000;1280.549949
13796.030000;10875.918067
5065.400000;10583.964364
1641.380000;1540.343226
68.780000;3724.124152
674.540000;1060.317501
644.180000;2499.276196
2458.050000;-4931.549394
27345.620000;12937.219530
3600.000000;5736.878364
3105.490000;3959.399203
1988.730000;4562.829156
10248.620000;6266.698672
16992.000000;10778.730574
808.170000;-575.917576
3704.310000;7969.815857
580.000000;2435.328800
3785.370000;5328.970345
6449.000000;6724.132193
3734.040000;10968.410711
459.240000;2186.406367
926.730000;7983.918540
4403.990000;10345.760534
37795.370000;13109.312033
9184.250000;7179.800238
1957.820000;8923.068947
33425.770000;12800.148534
5545.000000;13170.114300
7691.490000;6601.321020
2161.230000;4476.079140
3100.630000;9297.920308
3862.390000;8797.676682
1752.930000;4992.147854
5922.780000;8921.352866
3191.210000;6488.548301
4480.100000;6421.032439
2078.110000;2566.466419
1858.960000;4042.650830
6426.670000;6790.225962
1194.810000;1668.758509
1228.800000;4013.990932
6723.030000;7052.787035
11551.310000;12401.167359
9412.150000;8028.315196
4673.670000;7795.875874
6406.970000;7806.787589
6544.360000;10651.971247
1202.680000;1494.605913
2937.830000;6134.974299
3861.180000;6665.922422
4713.530000;10137.095723
3999.890000;9883.969915
3915.150000;5588.027365
8159.590000;5243.725361
2933.240000;2992.622088
7782.430000;449.351753
9638.990000;6250.048916
3832.060000;6200.060517
623.190000;1528.446491
8689.720000;4341.650198
9955.980000;-415.963289
70.460000;-839.618808
1227.430000;2677.943185
5577.870000;8639.966701
4054.680000;10359.475329
3431.520000;6141.391188
5535.420000;5954.365427
5238.090000;9311.020022
10007.740000;7217.242958
3224.300000;3142.779040
34037.930000;7800.384764
5581.410000;7831.594585
345.000000;10301.207261
4246.700000;6125.772463
82370.880000;11760.472024
13309.390000;8810.684975
4486.530000;6716.076939
3701.240000;8852.442058
7346.670000;10432.471112
2814.850000;612.975769
7101.690000;8758.556690
5655.180000;6648.771825
11207.470000;10104.572743
5741.180000;8712.231662
87437.300000;12556.340081
2855.650000;8831.863786
907.060000;4487.977239
6960.000000;5698.862416
3959.860000;7491.278870
3887.820000;3004.928355
4851.520000;7972.439328
6641.880000;8037.551190
830.270000;2061.391005
3016.710000;3565.490322
5970.520000;10778.695362
12154.870000;10795.754954
15591.290000;13888.266326
11969.340000;9095.871504
2340.420000;3691.983992
7800.000000;8078.306578
3972.500000;11830.783184
2320.000000;7591.929458
3710.920000;7924.046396
8715.380000;6865.541780
5838.990000;8194.148306
3795.470000;7142.642916
2474.090000;5406.867100
3945.280000;5716.245544
4855.410000;8239.357757
3176.600000;11461.488080
6393.820000;5955.345571
5777.890000;10021.808500
2760.000000;6108.832671
300.000000;-2309.073557
3803.430000;7252.243630
7828.120000;10889.592116
6075.830000;7967.824741
4040.510000;6097.915813
7136.850000;4071.594263
2359.320000;1710.742259
1939.960000;640.940518
5475.140000;6529.200203
10708.770000;5914.422891
8634.570000;11375.930172
6071.590000;5729.167874
1176.630000;-927.438485
9232.920000;5917.748236
3627.450000;9760.469656
4694.730000;9701.868666
3120.000000;10010.257864
16386.800000;12614.477559
9541.560000;8779.053448
3593.810000;8495.425590
4476.480000;9858.755145
6147.250000;5090.061999
16309.860000;6876.946624
15926.570000;6959.009507
1700.000000;3473.737112
4778.650000;7751.621058
1607.940000;2634.674292
10788.830000;6574.918818
10365.810000;7698.515166
9153.290000;9920.111955
12451.510000;14840.329052
10739.030000;9420.371468
3164.530000;2594.853525
16442.080000;9918.901255
15848.960000;2936.629881
4800.000000;4104.888660
6255.790000;8100.493813
3658.350000;6462.509008
11338.590000;6669.390052
1365.490000;1564.472269
6251.070000;4141.835897
3311.060000;1733.316997
6512.970000;6841.323843
4308.690000;6430.090923
2843.040000;6775.546428
3857.850000;7932.474054
5425.610000;11670.619645
8196.250000;12742.065374
4512.000000;6001.923647
7473.630000;7934.113297
8253.190000;9174.918542
557.700000;832.272241
144.810000;1045.997579
5969.480000;7019.278387
5075.940000;9096.816941
2207.680000;8904.173575
16765.530000;10530.545489
8057.750000;8355.281985
269.350000;12183.216186
10383.670000;10476.536338
3057.250000;5211.717197
19404.610000;11143.578082
578.000000;2126.157144
1002.220000;2454.218836
10945.090000;5952.333477
4298.080000;12848.027388
6825.840000;10380.224878
1779.050000;11155.205571
780.000000;755.813656
6159.740000;6181.824953
706.900000;1442.983286
1609.820000;446.630185
1281.610000;2612.357714
948.470000;-303.044591
28067.190000;4551.876745
3449.640000;8321.045739
3401.700000;6250.378971
2302.030000;3497.809181
8072.660000;12472.126044
8812.940000;6565.067352
75311.330000;11048.406752
4145.480000;4609.501641
544.450000;1492.475679
2081.250000;124.141901
1500.000000;9119.127654
449.850000;1265.837586
3543.910000;14538.285163
603.710000;9884.811921
4258.360000;11578.841639
6828.620000;11628.155366
8797.180000;9694.912539
10445.970000;6362.805577
5520.900000;6333.956645
4200.000000;7362.692156
554.620000;1501.197295
593.460000;-284.122331
2852.010000;5992.922139
7738.000000;6170.343812
1344.090000;4362.681128
4146.200000;8554.114770
3025.370000;6320.342389
2197.020000;4377.426313
1781.160000;10089.965171
1270.270000;7980.776422
3325.430000;11476.829939
3433.970000;2575.395773
3758.430000;5966.908954
1473.600000;4580.614787
3110.190000;4562.625019
22393.500000;3443.942387
8826.380000;5974.478842
3240.000000;5904.688504
3578.800000;3851.058975
7648.830000;5954.645391
159.190000;-556.815032
17421.720000;9402.316003
9457.330000;8806.245558
3600.000000;7081.875191
1941.690000;4098.994035
4358.030000;8134.263583
6308.900000;8118.427391
18906.180000;10676.660447
6864.850000;5472.429178
10456.040000;6238.127670
11351.090000;12272.369579
4800.000000;6741.272441
933.740000;185.149152
8017.650000;1761.964090
10124.700000;9440.306964
11844.270000;7286.606022
26593.930000;7813.686476
2347.670000;-57.991525
1280.680000;614.516039
2182.250000;9509.602969
1045.670000;2243.633643
5278.230000;6706.033218
5357.440000;5581.552467
16716.790000;11682.620760
4944.420000;4223.390648
4448.740000;9886.491482
11824.090000;10063.479879
6000.000000;6164.650894
3790.480000;8127.281316
5897.940000;7977.936698
10947.120000;11266.380086
10775.740000;12024.112493
4172.250000;7149.761530
4056.130000;7941.914304
170.000000;1083.935159
8192.680000;3322.454416
5782.590000;8707.311055
199.530000;6899.624813
13410.050000;10059.788449
31110.670000;8918.356677
4203.940000;7026.989765
6940.420000;6924.629807
17562.130000;7534.912426
1950.880000;3377.080377
3928.430000;3974.592632
5625.640000;7753.122278
5597.910000;8489.845946
83.870000;-559.682493
1386.920000;4403.317054
10700.590000;7519.791655
9102.000000;7389.567930
5908.250000;7176.625168
11734.270000;6227.260319
1613.460000;2408.687331
16962.020000;9815.438461
8272.220000;9691.463842
1477.590000;6262.765034
4289.200000;5681.358096
14368.850000;12505.426128
2066.460000;3609.126488
4386.070000;4509.101914
7322.470000;4080.227410
10400.420000;6591.051567
698.000000;2389.171808
13948.300000;10257.880026
4698.610000;8003.534080
9251.900000;11836.241004
3493.930000;5666.938119
5754.150000;7540.367025
9434.770000;6495.622681
7810.870000;6123.834357
5186.620000;7117.187772
434.430000;6781.901698
4228.450000;9448.414971
3562.470000;9447.978530
1500.000000;3274.002044
7608.930000;10159.693136
15326.390000;17092.843075
2307.850000;3373.616487
7595.860000;12660.371813
1530.270000;5795.157225
1898.550000;3980.425251
1525.350000;1198.503112
1438.240000;1269.779330
9120.000000;6281.681788
3505.850000;3857.085915
17373.380000;12672.042014
15798.770000;3734.604404
21788.110000;3819.359508
4200.000000;9447.300681
10426.320000;5940.293926
8398.980000;2611.458374
3509.220000;9958.385143
51718.290000;10966.540738
4592.130000;1058.036079
2387.400000;2855.382381
4004.430000;5866.454565
5858.400000;5429.413192
841.350000;576.862186
4303.270000;10562.629648
1630.980000;3643.717341
959.490000;545.919311
1080.950000;5616.360689
4988.420000;6166.609715
8921.350000;4912.702932
6465.270000;11261.546917
16119.950000;10509.517196
6728.600000;10704.208444
2416.640000;8405.835986
450.000000;1469.329534
1000.000000;55.353279
24212.780000;10402.075514
13759.380000;4531.741863
18334.470000;15433.827870
4213.580000;4934.245366
1825.750000;3204.424929
10622.850000;9241.474504
12021.590000;9578.340111
478.110000;-1952.087440
1993.760000;-395.300092
9640.290000;9119.687995
876.680000;6652.276620
258.070000;2167.014763
448.230000;5567.967718
1303.540000;774.232021
25498.860000;9993.635110
14552.520000;9155.777955
7635.460000;10451.702907
4581.850000;8123.044606
148.000000;-32.108127
1470.120000;11679.437373
2030.000000;1354.061446
14266.220000;11138.356950
2877.270000;3167.683884
4785.400000;7966.360015
384.000000;3530.547384
3827.720000;7741.387368
5005.220000;7604.249685
2204.460000;5764.956787
1800.000000;2472.718479
1800.000000;2381.781239
8562.960000;14231.745279
7727.760000;7809.195701
5407.340000;6908.279914
9028.300000;12144.236361
398.810000;7463.390589
2114.230000;3133.746984
3505.850000;11348.236365
642.550000;2533.660861
7071.390000;10248.616914
35564.780000;11597.950946
361.980000;2085.224953
1356.700000;5907.732652
27591.860000;10227.671730
1019.140000;6398.154159
7896.170000;9330.150801
3433.320000;4202.383827
6071.670000;7643.271225
1702.240000;2401.746345
5749.210000;10724.136752
1068.850000;6888.164539
4369.720000;2714.165854
18685.660000;11027.008220
1798.130000;5111.638536
4960.980000;7490.238363
6314.700000;12021.775064
8837.890000;5774.416983
2090.140000;11937.383644
11272.590000;12165.010509
7439.270000;11024.603913
16949.770000;7730.797358
506.290000;9354.464962
157.550000;2525.673750
571.960000;1452.259766
3914.740000;5867.149537
6328.310000;6891.076194
9861.860000;11638.612005
7701.930000;10473.581263
8511.520000;10338.267783
6813.380000;11844.686734
7962.970000;10171.525644
13402.870000;10268.711991
7180.830000;7160.169729
6214.230000;10473.181768
766.280000;966.112593
6367.530000;8676.341171
2149.570000;4134.383385
25544.660000;13825.575551
6372.820000;1858.440183
3531.170000;498.775996
4329.790000;6152.932889
186.760000;6997.926788
