8268.570000;6632.439922
8678.090000;16145.566828
23133.920000;3531.145759
35048.490000;9181.133205
8378.990000;9644.796230
9600.000000;5266.293751
3560.430000;8402.254173
11253.160000;8544.752998
5435.480000;6566.041076
548.740000;18.075616
89.680000;-96773.640000
1868.010000;4863.756128
8630.330000;9803.197055
5258.810000;9661.240978
4408.690000;8828.508484
4267.400000;6440.171733
4447.810000;6803.236084
4389.120000;16214.409165
1915.450000;5811.298432
5136.710000;6316.362419
2414.590000;6230.460703
8406.800000;6405.387055
11976.720000;13465.120066
31142.940000;8498.473450
6889.470000;6026.039708
29505.510000;12072.908282
5338.790000;9805.193977
6540.870000;6580.793745
7335.400000;10773.491708
436.870000;4195.611728
5215.220000;6788.578381
9537.480000;3061.012695
539.660000;11625.819499
626.940000;1976.513041
3223.000000;7001.608655
4718.460000;11349.106561
26596.610000;20330.667917
8553.000000;11007.256592
3946.800000;7208.753614
9469.490000;8781.642170
5114.460000;11814.406901
5529.390000;9935.460789
141.880000;1377.434656
8027.000000;82463.501131
10430.050000;9337.350587
6957.820000;9295.078826
647.010000;-3092.794418
9984.550000;12494.709667
21006.980000;15198.794432
9572.890000;12057.624979
300.000000;133.076485
1595.720000;-2028.746593
780.000000;2225.737682
6835.540000;6907.572573
4025.870000;6957.810944
1220.090000;6747.174548
3643.340000;6617.524608
13324.050000;7205.935119
10341.660000;11335.158366
21556.500000;6550.825974
5657.790000;6633.171218
12352.620000;9342.866769
16896.680000;9461.285827
6472.000000;5042.393153
5153.060000;7683.874528
5606.880000;4061.162355
9493.450000;7889.433502
11733.910000;6816.841752
6948.450000;8785.075086
3679.160000;10329.471101
20459.540000;11658.829387
7839.760000;6956.249139
7384.330000;-3003.973399
4267.350000;2308.642695
28598.440000;3927.869978
3300.000000;337.987332
9722.060000;14133.576572
3012.700000;12735.494147
10038.180000;6976.210354
6027.140000;5376.613204
9449.290000;6059.530533
10397.420000;9604.240077
3837.260000;6721.653971
3385.000000;93623.059785
5418.710000;6519.267795
6111.330000;6866.164536
5958.400000;4195.851415
2280.000000;6228.960645
584.530000;1500.082355
1100.000000;16963.649587
15250.320000;8340.984778
3200.000000;6189.225308
2942.000000;6048.410449
3796.860000;6648.710904
4571.930000;6648.901461
13221.160000;-1704.222123
4740.160000;-96773.218487
10049.950000;-96773.628429
9754.360000;8806.333561
10410.110000;8164.036169
14221.140000;6938.532664
340.520000;4268.820410
11365.400000;6929.568921
2606.580000;8069.087205
3725.630000;8686.231227
3211.690000;7883.502946
5034.390000;6956.195914
4521.550000;6416.258868
10717.040000;7058.300096
11238.560000;9756.017474
8390.310000;6573.745239
7356.350000;12149.040285
2328.400000;462.712327
5541.620000;6569.923364
2582.290000;3943.906662
4295.810000;6982.261343
37216.220000;2583.590331
6003.800000;14044.887049
5838.960000;4950.311891
16311.490000;13402.299976
4011.480000;4192.376879
9002.540000;7043.891186
10338.770000;8243.233250
25102.630000;18344.524363
4905.580000;6545.046087
39458.770000;12384.241556
4373.330000;6428.618665
8000.000000;9953.435381
9787.400000;50943.840553
4214.750000;7029.559314
1729.240000;2923.917034
3865.830000;7217.194728
7233.690000;6445.256419
5400.000000;5348.890911
3600.000000;6843.711179
2045.680000;6436.834497
3495.710000;6472.907106
2070.780000;6864.805426
3806.190000;5314.370367
5736.030000;6853.040332
5662.960000;4196.373941
55.030000;-612.937737
3537.040000;9437.306729
260.660000;1689.551116
7044.540000;9317.415753
1837.760000;5698.381883
3475.440000;40765.610781
3267.370000;4354.073263
3991.240000;12997.978356
874.650000;6480.600831
6267.320000;6527.685128
6824.920000;17713.478589
9877.150000;7102.262527
1886.920000;2106.021389
12810.380000;7618.117319
3027.770000;3230.732907
6931.390000;6569.005926
8700.000000;6566.695203
8696.050000;5786.905223
8484.410000;7378.164008
5149.990000;6639.029908
5734.070000;6921.033791
5999.620000;6888.047446
9830.000000;4132.840699
8121.250000;3960.998357
14207.780000;7148.474657
3830.290000;-1951.289847
8398.890000;4172.988568
5420.150000;6729.074777
1347.540000;2037.674579
5049.340000;4770.599183
4824.250000;8682.303323
3522.970000;6873.857810
6780.900000;6929.958109
47.190000;2880.706286
15022.020000;10494.857460
9926.590000;6606.647185
6346.400000;6606.647185
6321.630000;6866.330291
8338.480000;9709.660400
8643.510000;9709.660400
3340.610000;7162.596750
6734.170000;14059.449533
500.000000;6514.049776
3938.630000;6536.789971
4098.630000;5248.878753
13912.570000;9991.137740
6220.750000;5145.177408
3702.240000;5999.210828
4750.730000;6721.943310
3234.990000;2883.578831
5826.320000;14021.831252
7205.430000;6704.041740
7618.450000;6332.567731
54.410000;1136.163488
7781.750000;8332.955257
10503.810000;96720.503713
10456.170000;6685.018099
1800.000000;2736.095075
2236.030000;-3074.597204
5948.540000;6826.776339
1401.010000;-31608.177844
1736.540000;89402.140214
6843.790000;6969.318778
25859.400000;9142.134113
1260.580000;7013.091836
2864.740000;4600.732441
4632.070000;6234.609244
8255.540000;6810.831315
4137.220000;3227.342939
7402.020000;6841.913978
3083.690000;2665.416717
9747.720000;11900.221670
2247.180000;-2901.418502
1901.510000;2688.275114
4525.550000;4291.498399
3680.880000;1808.966644
5433.280000;7605.226198
4839.880000;10978.608200
3009.000000;-96773.639971
8099.060000;7937.876832
10833.380000;10266.407565
5887.540000;8840.226981
1207.090000;1789.844139
11836.560000;4167.793833
11836.940000;5891.478162
8003.870000;7330.330972
14040.980000;6939.151676
6512.780000;9341.311935
6935.930000;6688.393913
6961.500000;12931.316143
9502.660000;12993.019633
4589.790000;-6835.866943
3600.000000;6720.579366
3600.000000;6584.312234
57.770000;4271.389396
9259.740000;22996.434534
7760.310000;8378.445153
9873.050000;5002.614805
6209.400000;6639.234288
5706.160000;7678.298188
3662.200000;6927.257776
3794.020000;5090.612649
85409.440000;6014.156115
3277.400000;6300.671320
9957.280000;6987.133632
3720.000000;6602.769111
6182.670000;6968.422786
12039.330000;7111.468074
6789.280000;5154.991318
3473.090000;14000.912724
12359.060000;20299.447437
8144.630000;7001.557166
15310.990000;11485.587536
87.090000;4729.984714
3530.080000;6682.576233
6226.570000;4009.666064
4460.150000;30460.650721
8280.760000;6990.721838
6580.430000;4104.945665
6281.380000;6833.724542
2468.050000;2436.721931
3600.000000;9668.281981
5109.060000;5398.528781
23196.410000;2857.376119
13276.150000;7092.592757
8565.850000;7033.508795
4200.000000;6521.283294
6072.870000;5522.292389
4597.330000;8030.303178
3492.100000;946.496014
6439.700000;5481.021491
181.100000;1792.376964
6949.610000;-15670.417118
4033.750000;5844.331944
4521.480000;6687.485405
13901.760000;5439.585929
3074.660000;4163.896080
5561.860000;8611.259657
8305.800000;6577.918783
9507.320000;9476.252156
1278.610000;390.386009
6218.450000;-1806.880225
6065.410000;6560.608797
606.930000;906.744846
4459.880000;6589.087813
3856.460000;6804.213980
2606.580000;2201.766409
5762.620000;7173.647570
11394.870000;14660.077742
7827.840000;5669.622570
15458.890000;9271.246273
8218.480000;9413.116998
1140.210000;1604.044304
12332.810000;12392.406888
3799.660000;6991.736597
10790.820000;9214.937585
65.160000;2881.759924
13863.200000;9498.699669
15768.920000;13129.960226
231.000000;-7622.861745
768.450000;39127.215533
3505.850000;5973.667033
4783.230000;13484.318645
127.830000;96765.242334
439.530000;10613.902461
3532.870000;11624.386354
7588.920000;2140.134869
5025.070000;4471.345175
3302.130000;-2274.436097
4878.260000;-1619.118374
383.350000;-1479.388451
2207.560000;1940.805938
2657.920000;13230.562492
2187.200000;-96530.449921
375.860000;6850.586609
3339.720000;7200.397929
1681.060000;3454.602513
915.200000;515.631261
2168.020000;6674.093139
5725.100000;7502.480249
19.270000;892.431678
1899.170000;2542.653121
2308.690000;1967.733631
1962.490000;-3923.515568
1950.600000;6546.113168
3333.150000;6579.701465
2969.860000;-471.468629
5603.780000;9726.391221
957.680000;1962.363203
5779.890000;18112.406823
52.490000;6601.099107
108.430000;3596.332901
3736.210000;6477.581625
2522.570000;6320.942714
573.620000;1708.010571
270.640000;461.765788
20732.110000;11807.454027
5564.820000;11522.122278
2912.060000;2035.022371
12409.780000;11908.348808
7331.780000;9054.700376
7200.000000;6575.712056
4375.270000;9310.256042
3910.830000;-1767.538797
3546.150000;9402.627543
2322.980000;-415.770200
7811.680000;6582.495690
10059.270000;12771.686409
13688.160000;5965.687921
6320.970000;4123.526185
4691.210000;-8967.324027
2050.530000;6453.758733
1667.270000;-11984.998994
3409.760000;-10826.661664
265.670000;1997.381334
10846.270000;-96773.637161
4442.620000;6558.784934
3533.910000;12908.401849
4692.680000;12614.071910
777.350000;4353.143878
13545.510000;8900.227665
1976.250000;1494.999061
7195.320000;7570.476186
8461.510000;8494.950252
1297.530000;6392.134901
5612.100000;8189.096126
9346.190000;13844.807374
16592.740000;11338.590515
6319.870000;-90499.728020
1000.300000;58277.176414
4200.990000;6516.249000
1166.840000;2057.895002
8726.690000;7123.245795
4653.170000;-4452.807286
4777.730000;6520.259386
3828.410000;6659.509434
25593.000000;10788.053170
341.110000;7773.734808
8770.910000;11829.424171
1593.820000;2487.411490
19512.810000;12321.352034
11570.590000;12502.615971
6347.720000;6775.571355
4254.780000;8913.975294
9440.510000;5526.404810
1936.180000;-8591.442434
3757.760000;5137.895151
1267.630000;2240.950038
1477.840000;1809.509999
3925.430000;6943.834594
32074.100000;6631.819197
3041.010000;6908.800998
13142.250000;9163.810447
9201.070000;8854.442021
7596.720000;6404.022786
7734.940000;-96773.636869
4596.120000;17198.153303
38292.090000;16702.776322
7837.070000;4024.306860
583.410000;-1136.883259
12892.580000;-96773.640000
8955.970000;9594.789691
812.260000;5368.578362
7421.040000;12264.734220
6948.900000;14777.885845
5360.140000;2879.771538
10859.950000;6549.887072
7117.640000;6008.396874
5255.430000;8749.995990
13354.090000;6514.225365
20309.520000;9716.959990
4471.800000;10863.791002
28.960000;1801.766607
5438.170000;6586.418358
6907.160000;6560.507971
632.300000;2678.596398
12850.150000;16394.390172
7662.400000;4882.856088
11742.740000;11803.439062
4423.540000;12007.456128
2879.350000;2463.187214
8897.300000;9376.390704
5199.040000;3080.422344
8237.870000;6943.595799
4326.490000;4289.201176
14588.550000;12468.375969
7812.610000;12466.348998
6369.090000;6891.612480
3560.520000;8610.724705
1587.580000;2820.108771
3600.000000;7651.255213
8181.910000;6901.839823
7585.260000;6970.311133
5361.490000;6450.798938
301.680000;2483.428078
4967.350000;6906.389776
9823.530000;64472.799786
8612.630000;6969.889093
2947.360000;6115.050718
4988.700000;4259.242477
14770.040000;9604.033642
7237.560000;8517.000822
880.270000;8644.193040
16824.030000;34224.382425
14801.320000;3897.214656
5157.370000;6919.408262
4309.300000;11447.675077
3721.470000;8961.454574
7262.090000;6518.632015
16789.950000;7004.936370
10921.910000;5374.307595
7142.600000;4935.634297
673.860000;2528.204171
3342.800000;6329.619123
10761.210000;12225.122275
631.420000;1828.226719
263.740000;2600.450855
5320.000000;19353.556980
7623.310000;8462.379235
1150.590000;4261.571144
3788.570000;6830.171267
2102.190000;4226.660588
640.810000;4239.642762
4250.560000;6666.751009
1890.000000;6629.339791
3600.000000;11491.284272
12749.760000;9328.121419
5438.600000;6995.038339
4388.040000;6998.399729
9792.460000;4016.757424
7684.440000;2203.450683
5166.310000;7972.932368
4902.040000;8903.490306
683.930000;5869.156133
3505.850000;16136.691418
17000.000000;42340.183926
3600.000000;6586.620791
5902.760000;6797.627133
12675.100000;13419.727799
4101.210000;5428.259586
7615.070000;7196.668540
12297.540000;6957.025915
3600.000000;7020.727422
6587.230000;5793.939834
3024.910000;6365.652236
3075.550000;7459.933657
900.000000;1918.541038
900.000000;-2883.136020
3049.730000;12302.037863
3827.200000;3019.996258
13410.030000;12196.426896
1931.500000;4145.044913
4163.730000;7093.080068
7660.090000;10663.224156
3694.550000;6592.096731
5255.140000;-1798.181567
4834.290000;6658.807649
24411.150000;5898.557572
32017.870000;43035.406799
1749.660000;8379.647943
3788.160000;7002.508882
7830.990000;96771.033976
13901.510000;89116.811890
9338.750000;10304.264327
7456.340000;6975.414159
3688.860000;6830.099299
10199.120000;6851.840544
3368.110000;4085.451599
484.810000;1802.586832
3600.000000;5660.680611
4290.390000;5293.750773
6435.650000;11638.649835
4014.130000;6719.594416
6997.750000;6524.970446
8145.100000;12294.216208
5233.590000;8595.384059
7620.340000;3302.034693
9050.820000;6642.238651
3787.060000;7002.785861
2461.640000;2655.666745
4498.700000;6976.730264
9064.320000;4001.504189
7318.630000;6992.193694
281.130000;-40461.088126
14056.910000;6750.149833
7951.800000;7018.631050
348.300000;-19685.023622
50.000000;-476.568411
11441.440000;8887.401297
5870.240000;6693.948190
4431.190000;6979.004273
1390.180000;3498.252570
4626.680000;10171.025260
880.790000;2476.653708
850.000000;-96771.392470
6636.160000;6909.856814
9688.920000;8223.867163
21992.160000;16555.810105
699.520000;607.963361
12146.660000;63426.762040
1230.890000;9496.469187
4800.000000;6863.061067
6189.450000;6862.068155
2494.340000;1168.752707
11981.210000;6981.469793
3529.070000;6815.676913
8936.470000;9682.417870
8327.930000;6906.684250
5510.220000;5738.895956
4616.390000;6646.843450
10527.060000;8519.307971
5529.350000;6461.958238
13288.310000;4849.319324
12704.910000;6902.817599
8953.330000;9676.244274
440.220000;1810.547755
5715.200000;6706.965393
8045.040000;6667.621587
52.130000;-304.276726
13713.860000;12665.991185
15256.540000;6649.954211
5279.760000;2556.580627
4793.840000;6633.332701
4478.700000;6535.115820
11213.650000;6628.590166
7685.590000;-46345.885585
1523.290000;4334.544836
7016.700000;6683.722355
1200.000000;-2276.279339
18000.000000;13120.661572
13157.900000;6621.305013
13157.900000;13176.155520
2812.050000;-2135.623362
11120.760000;9669.174640
1589.790000;6217.351386
407.020000;3918.236688
13375.250000;10475.605059
3500.000000;7594.207686
22313.420000;-26822.255323
8958.700000;6540.355948
7523.080000;6747.555789
44201.470000;17462.005250
5368.300000;5023.301504
16437.730000;-96773.639438
18693.900000;4353.392527
1650.830000;20360.801848
4552.950000;9279.310395
24968.740000;13787.002556
14705.640000;85343.521468
7384.930000;9129.686125
1046.680000;8684.446816
4461.850000;5542.083482
1687.750000;-2155.588771
3890.300000;6597.205616
6410.640000;6639.328406
6925.620000;2452.483425
3698.580000;96758.665844
1680.000000;-96773.629826
19027.170000;12533.044898
9472.520000;6870.488267
3092.540000;4268.895838
3268.320000;2819.568910
9779.470000;12442.521707
6222.080000;6028.947892
12644.510000;12126.463032
4775.410000;12050.129194
15804.770000;12671.025663
11642.210000;7005.723529
5227.030000;9297.131267
9708.880000;8809.315173
3491.200000;4455.185460
1387.160000;1218.484822
18799.640000;96771.819005
2191.330000;-34979.523532
10979.080000;7017.753148
2056.310000;2101.039979
12164.040000;96763.829597
3956.740000;6955.689588
5979.880000;7103.850775
9152.190000;14439.636772
2702.510000;8627.739328
8641.950000;6989.997752
5256.890000;6920.951679
986.220000;12396.219561
17257.080000;9571.659834
9774.860000;9824.922797
9363.110000;6894.435386
4205.320000;9279.628511
5195.160000;11009.931877
6089.500000;9685.154379
5897.790000;8637.740627
6453.550000;7026.292348
6843.080000;9426.770463
2128.490000;8842.657741
6834.080000;6510.599873
7248.150000;6327.317076
4551.040000;7561.445288
3649.210000;6663.134903
6966.250000;9562.554029
27795.200000;10943.779102
22469.660000;11713.207719
1990.210000;12321.315936
9719.020000;6938.466306
4446.990000;4176.616294
3559.570000;-160.534052
765.320000;2708.989309
3600.000000;6568.226096
4086.680000;12608.741883
17059.290000;12987.926626
4725.810000;6581.346861
8204.910000;6582.432554
15561.560000;6448.243523
15539.740000;11006.529588
8487.310000;2650.186351
27805.000000;6888.475250
6371.640000;2296.227309
14120.130000;18346.099951
18289.940000;-3893.131283
4432.790000;9601.183386
74.940000;53688.767476
11404.730000;12524.884147
23613.090000;9274.750461
5567.020000;1092.018613
11934.520000;10629.179884
1857.930000;10380.467701
5587.180000;8000.141200
10877.740000;9324.900052
20093.560000;9093.298522
2528.450000;2492.181218
2044.190000;913.921158
16155.940000;25097.694743
9164.140000;9159.730549
2930.340000;6626.598993
3976.850000;4107.657776
27455.980000;11785.261672
4550.000000;-6044.386708
14951.320000;9479.170087
10222.200000;12687.553581
12297.670000;9540.395581
9615.220000;10948.248455
1749.430000;10624.894566
3980.060000;53561.238721
9262.760000;9272.399774
2092.720000;3639.331617
5816.350000;9289.489111
1474.210000;1981.745620
7302.920000;10463.772293
11145.060000;2969.362293
11191.430000;26539.940360
1158.480000;-1198.340505
1595.240000;1948.614177
6904.400000;5724.049779
4225.560000;6521.430886
12861.250000;9635.502187
29708.940000;12829.977340
3761.010000;4095.835005
11737.660000;6525.093112
9031.180000;7106.107356
10450.510000;11870.714065
6850.050000;9810.268107
190.540000;6593.048692
11057.930000;6889.077393
13262.890000;9686.325199
2964.210000;6012.027917
22265.750000;9879.299168
1516.490000;-96773.639999
352.610000;4224.229328
753.010000;914.413953
331.040000;2085.164519
10725.080000;6508.184668
9197.110000;6505.373175
4251.870000;11720.537256
10610.410000;6816.625221
7868.070000;6961.394088
6331.650000;8124.096015
14473.690000;11961.405700
1750.610000;48054.303337
8007.380000;11856.277152
2869.510000;96773.637964
10475.320000;8746.335957
3785.390000;-1066.010920
18655.730000;9199.878996
8591.660000;9534.631554
747.270000;5785.976175
15840.500000;9369.951319
3493.900000;6088.683289
8369.320000;4870.959396
8735.100000;10921.852029
1030.740000;4042.698498
3844.770000;9453.872289
11923.610000;6889.650372
2171.830000;8973.471505
7890.650000;12539.667204
8029.140000;8255.511226
13721.050000;10873.534170
2122.490000;10321.982862
11287.910000;11308.350901
2306.260000;6896.129146
127.430000;-3297.261262
12574.250000;9668.121249
24399.410000;7401.656082
35284.330000;9212.896378
363.370000;1637.761348
10072.940000;21420.424185
20161.850000;32532.654854
18004.800000;8342.975573
2594.340000;2842.097915
31932.420000;12298.590005
6889.470000;6536.806258
12842.130000;8582.100632
3712.150000;6540.970266
5038.590000;6641.309856
17793.250000;96741.859326
5041.480000;96773.640000
6230.130000;10079.717517
4921.990000;11439.236962
10062.810000;9084.941960
257.630000;6959.814398
7858.150000;6863.041480
6183.490000;14648.632211
4504.300000;-27512.981896
8547.750000;96773.640000
3675.000000;-5132.670650
15219.900000;9609.738714
2375.500000;1936.770746
848.050000;6774.944020
208.960000;2843.623222
5905.000000;6758.178355
4627.780000;6694.689132
7996.810000;13682.721812
4747.250000;9296.211648
10247.780000;8395.242312
26782.900000;11094.991730
1783.020000;-3046.376776
16151.920000;16119.864520
6722.110000;14906.894826
938.090000;4270.988320
1673.330000;6697.803803
359.180000;217.476054
7764.020000;11181.807677
5010.850000;12038.146591
5070.000000;9077.122325
14549.570000;8669.644934
5412.390000;6467.767963
12838.170000;6480.528170
5039.770000;-96625.357054
9715.030000;12387.113593
401.340000;1757.689735
13218.520000;11293.681412
4549.000000;8194.739298
1350.000000;-7371.842942
7534.370000;18284.918568
5741.220000;7788.437016
3210.370000;2611.739931
29068.350000;15235.187695
11179.710000;9032.300669
7350.480000;7887.995009
11884.190000;10362.493158
9987.480000;12131.347316
35731.740000;12763.076970
11125.380000;9264.275675
17627.950000;1865.421682
28301.730000;-96773.639995
706.580000;550.676608
11061.190000;6648.550875
7902.290000;13055.736985
2623.660000;8983.370491
4525.450000;6610.844159
10129.570000;8220.711826
2310.310000;11398.610350
1031.480000;-11109.253729
6310.570000;10015.903201
5343.460000;5605.853309
6156.040000;8119.721663
8000.000000;96773.449112
3277.630000;4362.752276
7014.190000;4395.186468
8569.210000;6630.067120
9544.600000;11679.421563
5510.400000;4427.087394
7659.350000;12891.135981
4443.390000;9510.616508
4576.650000;13380.215979
7150.540000;10195.891186
86.890000;9418.249651
8342.770000;10526.735289
5708.930000;9206.496959
10913.100000;33828.640408
7725.590000;12555.193263
2136.570000;-3267.121364
685.320000;3316.721935
5802.000000;6949.474389
5293.620000;6920.967527
12310.980000;9514.853076
19879.350000;6965.753225
4924.140000;5625.235127
5364.840000;-96773.639985
3311.260000;914.659464
1683.850000;15784.850212
6003.200000;9594.243475
15952.680000;15966.113052
6878.740000;12964.739140
17770.820000;13018.607921
3047.890000;1672.604145
8034.130000;6526.838317
812.120000;366.744895
39349.040000;29215.952017
11787.870000;18001.835852
8868.610000;27768.992705
7624.270000;12884.644265
3295.900000;6719.569267
4887.820000;2612.960150
7103.880000;11329.164226
6209.940000;-34933.197618
13057.630000;8548.630598
6160.520000;7484.576075
3987.850000;-67039.987166
6805.260000;7122.497394
634.370000;758.362153
3495.500000;6598.748458
9007.760000;10776.345938
21056.470000;9380.844163
5281.000000;9479.813411
82.900000;1638.846008
7597.500000;14697.981553
2887.760000;3142.909419
12236.520000;11758.377785
11724.780000;10851.317163
9767.950000;9132.249409
8820.490000;9258.512371
269.210000;2476.840534
1241.280000;6537.369955
12634.200000;6897.821784
5028.480000;7004.416880
10739.040000;5829.657556
5731.520000;5910.023097
10031.300000;5316.854046
6325.190000;7156.902513
28565.890000;17994.691612
1009.550000;-2611.497112
4900.000000;-96773.640000
3311.240000;6421.230895
12957.800000;12163.543958
9840.930000;7034.292022
310.600000;2155.251480
8675.900000;6232.585810
1329.400000;6543.136764
451.810000;198.066485
17759.290000;18513.390617
4540.750000;6741.956909
748.380000;6502.499153
673.080000;619.371931
618.020000;6668.780710
4691.840000;6649.140437
8805.400000;95867.000288
1498.260000;447.560436
2371.610000;6596.376819
4073.530000;9071.040892
4052.380000;6010.095239
2489.560000;-2722.497912
7655.910000;7074.290863
7759.560000;7414.768134
9930.440000;6924.422205
79.740000;1872.678304
19425.180000;6794.597456
11950.920000;9679.964438
7561.140000;9276.218841
3710.000000;4244.873969
19722.430000;9798.572062
4232.330000;6523.046602
4594.500000;7002.567827
17381.480000;9334.782840
12096.300000;9350.426856
5653.230000;6463.555160
12239.780000;12143.669623
6258.450000;6592.499698
5815.740000;7810.113273
14512.410000;6625.989332
1919.580000;96764.748833
1752.930000;5576.547535
742.010000;3993.309587
53653.900000;13104.883412
14981.910000;8067.357780
4560.410000;6949.431513
9659.910000;85158.366671
1111.190000;6887.905987
1296.340000;4589.643895
13812.000000;10334.057844
4428.540000;6476.843575
8369.910000;6686.072601
434.430000;96771.193678
708.230000;1741.901747
13902.500000;9325.068452
4145.200000;6588.888279
3519.300000;-439.048881
9124.540000;10815.389450
4323.370000;9733.866637
4126.780000;6580.076665
4685.690000;7174.466114
5098.920000;2045.577691
6223.130000;30902.846292
4540.110000;29907.154232
15742.350000;10497.972967
26618.020000;9340.714063
2751.590000;2630.617977
4199.910000;6641.315066
8151.080000;6583.474048
24619.420000;-33556.534454
682.510000;-6622.076857
4748.490000;96767.293899
3170.550000;2775.532343
21464.480000;6517.627448
10104.260000;96773.639999
14437.600000;-72345.581404
930.990000;-2568.807564
6829.880000;11428.649135
9404.300000;8624.559197
4180.310000;6513.415009
11234.270000;6282.937060
1546.970000;1697.367258
7850.580000;9687.186992
11410.720000;9536.006921
7385.560000;4780.901468
6340.650000;6511.823227
4058.650000;5178.604756
15224.460000;16204.121711
7007.210000;8125.630587
6182.060000;3423.523869
9301.630000;11671.684819
1925.780000;2401.508756
8933.540000;6932.870193
6280.550000;7528.509370
4391.020000;5186.600295
105.570000;8186.234589
14644.680000;13038.827191
17326.080000;8470.952789
10189.710000;9552.350830
12086.080000;-5819.159046
3673.140000;6543.457820
1530.880000;6824.673636
7847.230000;6683.414197
2973.220000;38505.124103
4984.200000;6712.132295
11339.730000;4967.236533
10877.300000;9697.517049
4120.320000;9817.086676
1611.130000;2384.293001
7252.230000;6491.092490
102.780000;9095.460910
4760.230000;6615.749218
2577.250000;21121.255236
7809.410000;7109.191343
2204.820000;6939.916270
4542.600000;6846.300399
11787.970000;10370.625333
9082.560000;6560.273558
6033.140000;4106.822980
3893.970000;6817.815505
1497.700000;3006.006596
4404.450000;4095.325554
9668.450000;6965.210249
8141.060000;7881.498628
9314.250000;4097.455270
3804.100000;3868.517255
512.760000;1490.545932
121.440000;638.135784
11043.330000;7078.279998
11312.260000;21374.603742
5998.650000;6443.680364
1160.000000;2713.796980
5085.420000;8627.683228
7446.630000;96768.498070
3465.080000;6972.016334
100.740000;1723.389981
359.850000;2390.587301
13937.190000;11642.040129
14634.200000;9513.801382
3902.800000;532.036907
3273.850000;9114.577113
9382.000000;10826.579675
6305.330000;4808.749815
628.940000;7713.547440
15766.350000;9148.828573
10326.830000;9431.919193
4828.770000;6488.157678
4638.450000;6513.036801
7543.560000;96771.485588
3498.660000;7011.989205
3937.440000;6511.701978
8741.560000;8300.456412
8868.160000;6854.231095
421.030000;2682.223653
7563.290000;21501.433502
695.000000;1123.939451
14551.660000;13006.231202
8540.300000;9293.317170
13329.910000;80261.622626
2396.290000;6484.163002
9185.630000;4470.563289
2780.350000;4737.403427
7298.570000;9562.329687
5299.450000;5592.760535
5202.390000;6845.200754
9072.290000;10735.455022
4360.760000;6991.165224
11891.080000;7239.532128
3852.500000;7016.468997
2386.010000;4055.523475
3662.050000;7024.026505
3702.860000;8522.976812
3600.000000;-2753.837675
5196.130000;6572.941054
3781.260000;6621.438105
9728.730000;14467.498997
296.070000;1891.742428
6723.030000;6990.175032
248.720000;-2443.030948
6162.750000;9972.626023
1191.650000;2048.044342
10015.060000;12082.641714
8227.650000;4455.349614
2006.920000;-922.038692
7513.300000;6716.480726
5601.540000;6826.778941
14813.940000;218.428678
3600.000000;4244.608111
6199.040000;6727.835922
9944.740000;6844.485966
3600.000000;6809.073548
7545.640000;8249.970600
10360.000000;4325.550267
5747.910000;4204.809745
4297.650000;8482.984978
1948.890000;3809.571537
7718.280000;4186.401079
895.640000;-424.355955
16922.950000;11434.005362
3483.560000;6966.356425
3963.680000;6910.325120
970.000000;1721.200394
4898.400000;4717.895998
7269.320000;95136.601260
21098.760000;20094.663814
5420.590000;9787.136963
8118.480000;6719.787294
4111.740000;7087.960332
9634.080000;6669.308161
2306.000000;-433.627587
6924.090000;6915.084118
3600.000000;6822.977940
3505.850000;6304.537712
876.460000;2653.644245
3713.220000;6198.753758
5948.180000;10179.723634
4593.200000;2691.240166
4224.710000;8937.895823
4842.790000;6663.855977
2944.830000;5534.321252
9968.010000;6555.993931
2500.000000;11012.780851
1083.180000;1596.288843
5533.020000;6633.826966
24611.000000;6870.855038
3420.000000;11244.469314
292.300000;1696.470265
5592.860000;6615.973840
19676.960000;11914.210894
7703.890000;11695.305361
3996.700000;6425.023094
5287.530000;8789.427406
4531.850000;6590.354426
21403.610000;11031.253600
2707.590000;9576.291219
4031.820000;9074.736646
7692.820000;13147.263270
5855.470000;3918.586251
193.450000;4252.397380
9643.410000;4065.779697
5189.370000;6975.985589
13443.540000;14265.308296
1103.750000;2613.355882
1409.670000;6828.649627
3875.470000;2684.658600
5466.080000;7033.125215
4559.380000;6582.026128
10004.170000;6621.236448
9966.500000;5171.676953
3201.780000;6399.992857
190.590000;3931.927533
11533.550000;6627.101872
2587.330000;2642.956081
13553.700000;6752.923843
2570.020000;6724.369881
15974.270000;8913.446192
5085.530000;9606.169354
4108.930000;6906.641851
4057.390000;6951.994607
8278.970000;6807.697820
12941.040000;9012.585720
3306.000000;-46959.166982
16975.500000;12933.857961
24870.730000;12865.295572
4601.820000;7001.930246
7658.100000;6544.724583
4998.170000;6339.416175
29485.290000;9479.355242
3487.760000;6604.014260
6691.500000;6706.009041
11016.240000;6943.686719
4062.650000;6618.082363
9088.430000;6796.596695
10798.190000;28987.135767
1452.730000;-3508.409080
3200.000000;3258.457953
12125.720000;96771.475322
365.760000;644.792402
1147.090000;2692.822772
10240.320000;7398.547663
8208.010000;6957.798159
2340.700000;8917.966518
3150.020000;11539.462006
14910.400000;14745.794320
4574.140000;4316.512913
11568.120000;13723.184408
12808.800000;11481.340463
3430.790000;1201.171527
5206.360000;17264.794673
397.850000;7977.683695
605.210000;1956.034727
3824.870000;6901.508845
9129.690000;5836.865728
831.380000;4269.194432
1411.760000;764.409991
7382.600000;9686.508118
3600.000000;10044.005878
15851.720000;12412.508806
22547.060000;12465.926876
9106.390000;13804.347141
9301.790000;4011.932048
3645.390000;6554.353606
17989.850000;10729.954596
4127.980000;3044.086595
7239.930000;6555.950165
10029.850000;6474.592856
7446.580000;13488.908122
6230.220000;9240.308116
8218.840000;9992.819005
1752.870000;4319.769366
6907.750000;6908.657834
216.810000;6799.126430
4914.540000;6536.779851
2630.930000;6764.910891
150.000000;1968.404177
322.910000;2523.490495
1088.000000;1683.824321
7489.780000;9921.321829
489.370000;-1327.724666
3560.030000;6658.100325
800.000000;7658.383892
29439.810000;7117.370511
7407.650000;6881.077113
8649.140000;4086.282556
958.320000;1516.796656
6102.060000;8641.527052
7474.620000;6573.817184
1373.240000;96759.944860
3327.780000;2344.330644
14400.000000;15096.447223
3244.030000;6303.938819
12172.520000;6668.148532
5410.760000;6772.146886
4195.940000;-11548.160140
4770.590000;6672.534911
4151.840000;-2720.809188
9296.550000;6643.627545
6849.920000;9353.670381
3554.510000;6683.663580
3637.880000;6590.619724
4491.450000;6489.065058
4814.340000;6672.974793
3830.180000;6852.022628
289.620000;3363.120230
11984.590000;8810.245376
14402.920000;8855.348217
6612.090000;6539.427818
2056.940000;2998.069144
7784.110000;6105.949020
5661.730000;9956.235348
8400.000000;6590.191147
4759.640000;6705.877348
3124.740000;-1308.412580
11877.260000;12696.199090
4019.630000;6878.759828
274.100000;4252.808400
10417.570000;13574.920089
8815.230000;8308.759576
599.460000;2078.187618
1968.730000;-9999.948895
5066.330000;6580.814353
3454.800000;6515.093807
4306.250000;6904.831349
9644.560000;7036.654456
9943.760000;8895.267619
7308.720000;6664.113219
5649.660000;8320.046397
7456.830000;7904.708663
4860.170000;-9897.981409
933.900000;6525.204112
6397.710000;-96551.568006
4025.590000;4008.511433
5208.000000;3755.122819
5616.040000;8197.349432
4392.940000;6539.671722
5107.310000;6567.998886
10503.870000;6742.721124
10217.090000;7817.409072
3436.290000;2807.564462
10605.900000;9518.480846
3791.490000;6948.275330
10156.190000;6660.958043
3890.880000;10049.212906
400.920000;1167.985210
4340.790000;6702.265851
8308.950000;8374.550539
5040.000000;9691.678699
4254.980000;-96773.639959
5965.050000;5742.198051
4239.050000;6421.749530
4259.650000;6492.043096
1275.390000;32796.983717
7757.180000;12907.864041
4191.250000;10756.560779
7348.260000;6938.415888
5116.830000;6828.810266
6589.620000;6647.723303
2327.800000;920.967644
3996.140000;6481.064772
3008.340000;4276.897222
7305.420000;6929.720165
4860.000000;6850.525031
6165.850000;6598.619946
7493.080000;16874.695108
2163.100000;6759.070038
5988.890000;3582.223904
2818.000000;-96269.731050
1828.020000;6558.860268
10612.300000;12337.236028
10024.260000;9835.326802
6.530000;4267.709879
5346.370000;12459.975271
489.120000;5363.214601
4303.190000;9307.852083
4573.100000;-96773.640000
4301.960000;45380.071512
6826.480000;8593.045334
1277.610000;4198.632338
4158.360000;6666.218360
6020.290000;9271.500301
7185.860000;13244.739052
5346.240000;7664.882714
7770.280000;6600.879099
9967.750000;6947.534044
1193.520000;4396.138881
10739.980000;10663.718528
9977.340000;3875.581150
7253.380000;9352.794822
9662.980000;9571.932358
6386.860000;2586.438498
4106.670000;7133.004495
4337.920000;9878.936256
8262.280000;6549.728266
3514.080000;6785.720388
4725.810000;4073.215862
607.550000;7274.117547
10999.610000;6807.207051
4245.660000;6833.903598
3548.530000;5821.905552
2432.590000;4476.121880
332.010000;2452.144314
317.870000;40.170006
6040.630000;6726.166763
3500.920000;6884.384333
2550.510000;2223.707349
23012.630000;6802.353100
3600.000000;6559.972767
1563.200000;7406.727753
1764.470000;2012.964376
3387.570000;6870.442577
12731.420000;6544.659927
14494.580000;11710.867515
12743.280000;11853.148458
4289.020000;8642.090411
3491.000000;11295.532964
6389.290000;8579.453259
6763.120000;15730.892293
13959.680000;-4.857965
4838.700000;6540.208387
5937.500000;7026.710875
5121.010000;6455.302519
9386.000000;6373.647417
3566.730000;5967.454021
1482.850000;-372.665373
971.550000;1425.657586
10554.190000;5349.137746
3342.240000;3779.678521
2550.510000;6837.282092
15197.710000;9410.393043
10086.960000;9350.385343
354.650000;2031.917874
13871.560000;6811.395358
6000.000000;8753.082228
6272.140000;6704.022116
4075.850000;6290.325727
10329.550000;9110.124268
5315.630000;12648.676769
8533.170000;6917.784741
6501.900000;6662.404099
6547.040000;9253.565940
4452.300000;3019.952435
7064.350000;3225.127530
43013.480000;6685.333353
5946.060000;6557.105376
8760.440000;6671.272879
6667.310000;9551.597058
10821.020000;7040.130792
10908.050000;74935.238422
13492.970000;13659.084036
14435.830000;-45693.205474
15769.420000;9123.775009
6488.920000;9205.932656
9709.900000;4566.510539
1247.500000;-96773.639998
44355.020000;63631.007019
2676.090000;-4297.295549
10664.800000;6837.152825
5802.530000;6662.164983
13135.550000;7031.511704
5107.160000;4724.182854
4584.470000;12002.596377
7134.830000;2621.789608
10140.860000;6932.371788
5207.140000;6219.684746
762.360000;8218.483614
392.200000;7595.232295
4385.480000;6642.845573
3456.890000;7619.656023
3727.000000;6548.844253
7782.640000;7060.293815
6336.020000;7084.571477
2782.850000;6747.756773
7419.010000;-40271.303334
5292.970000;6681.835400
1096.570000;22104.819540
3503.170000;12103.430310
8464.640000;6703.935898
24301.870000;9938.702148
2416.110000;-5720.368408
4977.240000;6629.277724
20583.800000;1963.695963
13796.030000;10056.794085
5065.400000;9265.490392
1641.380000;-1488.087848
68.780000;6874.374302
674.540000;6080.216021
644.180000;4130.446132
2458.050000;3440.612852
27345.620000;9278.107771
3600.000000;4533.510247
3105.490000;4876.300335
1988.730000;6485.485415
10248.620000;6687.564373
16992.000000;14377.306895
808.170000;669.606664
3704.310000;7040.664921
580.000000;1272.118648
3785.370000;-6568.423237
6449.000000;4042.118448
3734.040000;13764.476235
459.240000;2095.089789
926.730000;56.000972
4403.990000;8917.163531
37795.370000;96773.640000
9184.250000;5779.277944
1957.820000;7351.895542
33425.770000;3864.343942
5545.000000;19111.883755
7691.490000;8633.514627
2161.230000;5239.835343
3100.630000;6966.377532
3862.390000;6738.620120
1752.930000;3059.303354
5922.780000;11599.824237
3191.210000;6677.736947
4480.100000;6727.031855
2078.110000;2328.883040
1858.960000;4342.040388
6426.670000;4243.245198
1194.810000;-464.385900
1228.800000;27031.817085
6723.030000;6541.760840
11551.310000;7569.768006
9412.150000;6999.620742
4673.670000;6809.495110
6406.970000;6998.980932
6544.360000;96202.183936
1202.680000;2686.960313
2937.830000;1496.378874
3861.180000;7881.572391
4713.530000;14199.634507
3999.890000;10025.504724
3915.150000;6521.536732
8159.590000;6485.435759
2933.240000;2422.695613
7782.430000;-8134.510215
9638.990000;6625.722314
3832.060000;6648.245046
623.190000;3240.050394
8689.720000;6480.893193
9955.980000;4237.580838
70.460000;1790.307149
1227.430000;15174.608450
5577.870000;8242.386645
4054.680000;7133.122663
3431.520000;6652.023870
5535.420000;4228.331202
5238.090000;9490.448906
10007.740000;6850.279212
3224.300000;-8826.261604
34037.930000;6920.037998
5581.410000;6943.700216
345.000000;3835.018220
4246.700000;6620.520482
82370.880000;5854.781047
13309.390000;7187.205401
4486.530000;2594.024351
3701.240000;6818.349775
7346.670000;11867.863260
2814.850000;-36653.261176
7101.690000;6704.228602
5655.180000;11258.413815
11207.470000;9352.212097
5741.180000;6500.961367
87437.300000;8563.666429
2855.650000;7088.698649
907.060000;6718.861167
6960.000000;6523.877347
3959.860000;6754.443924
3887.820000;15295.719966
4851.520000;6948.290957
6641.880000;6916.359300
830.270000;2567.950092
3016.710000;6497.112255
5970.520000;-1859.756467
12154.870000;10408.009366
15591.290000;20362.941657
11969.340000;3764.973292
2340.420000;11196.933981
7800.000000;6923.112275
3972.500000;8686.583366
2320.000000;11061.064137
3710.920000;6816.642150
8715.380000;6521.522681
5838.990000;7261.310778
3795.470000;5935.519896
2474.090000;10411.630236
3945.280000;6525.519962
4855.410000;8583.184787
3176.600000;61681.900883
6393.820000;6614.953512
5777.890000;9703.463424
2760.000000;6306.150783
300.000000;1281.156529
3803.430000;6600.674197
7828.120000;10719.759404
6075.830000;6955.323134
4040.510000;6235.910581
7136.850000;5052.395206
2359.320000;2626.121368
1939.960000;1701.290731
5475.140000;3555.284492
10708.770000;4536.353498
8634.570000;15860.996395
6071.590000;3328.115472
1176.630000;1786.556477
9232.920000;6574.236988
3627.450000;9134.682823
4694.730000;9477.138000
3120.000000;6264.781107
16386.800000;96773.597534
9541.560000;7192.739733
3593.810000;6892.607223
4476.480000;10764.558313
6147.250000;14338.759999
16309.860000;3611.015688
15926.570000;6412.233035
1700.000000;10560.113791
4778.650000;60637.912186
1607.940000;-4140.723426
10788.830000;6743.376975
10365.810000;6933.228875
9153.290000;9778.805465
12451.510000;-13107.028748
10739.030000;9544.099801
3164.530000;4977.981059
16442.080000;6766.576911
15848.960000;10790.848336
4800.000000;6156.416543
6255.790000;6614.929001
3658.350000;12350.198629
11338.590000;6586.433599
1365.490000;4260.164693
6251.070000;25263.186123
3311.060000;-3774.450478
6512.970000;6606.701469
4308.690000;6414.285244
2843.040000;13321.894083
3857.850000;7011.964400
5425.610000;12026.335609
8196.250000;-96773.640000
4512.000000;5360.079805
7473.630000;6921.616545
8253.190000;7136.393681
557.700000;4272.029489
144.810000;4268.691809
5969.480000;13285.214185
5075.940000;7881.026633
2207.680000;6316.299797
16765.530000;9528.229957
8057.750000;7359.227223
269.350000;13027.368887
10383.670000;9630.855457
3057.250000;2799.038934
19404.610000;15030.856033
578.000000;4269.845329
1002.220000;2275.047203
10945.090000;6614.516227
4298.080000;96743.298428
6825.840000;9759.781300
1779.050000;15493.115652
780.000000;-15532.028817
6159.740000;6672.790774
706.900000;-1379.523229
1609.820000;1944.503101
1281.610000;1972.325227
948.470000;1936.803279
28067.190000;14390.590188
3449.640000;75700.390848
3401.700000;6570.108051
2302.030000;6143.944186
8072.660000;96763.826044
8812.940000;6664.940455
75311.330000;6081.961538
4145.480000;4287.424297
544.450000;522.557312
2081.250000;1810.588206
1500.000000;11520.969015
449.850000;-90.426935
3543.910000;8580.182902
603.710000;9828.377696
4258.360000;12052.180867
6828.620000;12158.090449
8797.180000;10130.628234
10445.970000;6696.261057
5520.900000;6677.168536
4200.000000;6995.933483
554.620000;2838.330730
593.460000;1551.615055
2852.010000;6557.458260
7738.000000;6639.461543
1344.090000;-7079.756430
4146.200000;8272.588945
3025.370000;6375.620788
2197.020000;6385.367149
1781.160000;10307.566979
1270.270000;6986.220942
3325.430000;22791.249642
3433.970000;7369.153803
3758.430000;6591.922259
1473.600000;-96698.374082
3110.190000;-658.622035
22393.500000;4256.016501
8826.380000;6409.321154
3240.000000;6584.454902
3578.800000;-2946.338729
7648.830000;6594.337479
159.190000;550.037886
17421.720000;9343.215351
9457.330000;8857.036416
3600.000000;6822.259432
1941.690000;2842.350207
4358.030000;6653.259093
6308.900000;6846.128118
18906.180000;6933.929243
6864.850000;6458.721582
10456.040000;6661.645770
11351.090000;10702.297120
4800.000000;4112.604812
933.740000;1810.950139
8017.650000;5876.480179
10124.700000;8518.260404
11844.270000;6834.436782
26593.930000;13160.390837
2347.670000;1948.251714
1280.680000;467.094147
2182.250000;23140.613250
1045.670000;27003.378821
5278.230000;6582.843224
5357.440000;6524.731594
16716.790000;-1355.049689
4944.420000;181.446372
4448.740000;9004.754371
11824.090000;10124.246126
6000.000000;6604.731601
3790.480000;6738.148737
5897.940000;6872.850702
10947.120000;10572.823446
10775.740000;13512.950298
4172.250000;6574.670304
4056.130000;6808.866445
170.000000;13012.112283
8192.680000;4400.448491
5782.590000;6960.483030
199.530000;823.615505
13410.050000;7482.174638
31110.670000;6992.641456
4203.940000;6668.327799
6940.420000;-260.410103
17562.130000;6965.064453
1950.880000;1822.683530
3928.430000;4460.906748
5625.640000;6817.656796
5597.910000;6757.785697
83.870000;651.793611
1386.920000;9775.615370
10700.590000;6899.656341
9102.000000;6930.341345
5908.250000;6869.731251
11734.270000;6645.363114
1613.460000;27183.567047
16962.020000;8840.115860
8272.220000;5737.632229
1477.590000;-48104.248343
4289.200000;3063.985680
14368.850000;96764.962285
2066.460000;2821.083586
4386.070000;6396.900197
7322.470000;3107.231889
10400.420000;12436.916759
698.000000;4257.628782
13948.300000;9540.903735
4698.610000;6967.866163
9251.900000;37696.940715
3493.930000;4014.737062
5754.150000;6753.898546
9434.770000;6684.449420
7810.870000;6341.110907
5186.620000;6834.508213
434.430000;96748.234131
4228.450000;4999.547732
3562.470000;5382.479720
1500.000000;4102.426041
7608.930000;9199.347205
15326.390000;-96773.636073
2307.850000;4361.358777
7595.860000;-96773.639997
1530.270000;9737.242425
1898.550000;9416.936597
1525.350000;4274.365024
1438.240000;966.785739
9120.000000;6442.205136
3505.850000;13821.905123
17373.380000;2543.895069
15798.770000;8792.918979
21788.110000;10846.524698
4200.000000;9691.316867
10426.320000;6408.517875
8398.980000;14676.712407
3509.220000;11650.959301
51718.290000;14757.212399
4592.130000;1677.247853
2387.400000;2248.827507
4004.430000;6443.666053
5858.400000;6487.617716
841.350000;4256.432302
4303.270000;9389.036138
1630.980000;4271.029491
959.490000;-96773.639996
1080.950000;6489.684102
4988.420000;6588.715948
8921.350000;6509.507029
6465.270000;15251.510706
16119.950000;11937.261110
6728.600000;9688.719416
2416.640000;16680.172342
450.000000;1124.197871
1000.000000;1936.878073
24212.780000;9149.944607
13759.380000;-1351.653381
18334.470000;-20055.809140
4213.580000;5499.042039
1825.750000;2690.467819
10622.850000;8528.128690
12021.590000;5359.614489
478.110000;2147.960906
1993.760000;1941.384040
9640.290000;9146.172127
876.680000;4000.252042
258.070000;4153.378297
448.230000;2754.638074
1303.540000;4231.034300
25498.860000;9565.892452
14552.520000;6929.650206
7635.460000;6953.527366
4581.850000;6590.501499
148.000000;1934.984634
1470.120000;2714.817994
2030.000000;-3140.545250
14266.220000;12682.308087
2877.270000;2891.675572
4785.400000;6963.997767
384.000000;6458.400082
3827.720000;7031.542356
5005.220000;96705.483991
2204.460000;1451.108334
1800.000000;2720.209140
1800.000000;2655.874189
8562.960000;3256.462205
7727.760000;6986.790477
5407.340000;6546.942548
9028.300000;14901.018866
398.810000;6726.825255
2114.230000;4251.956027
3505.850000;18920.718635
642.550000;2630.914875
7071.390000;7578.408717
35564.780000;624.605715
361.980000;2679.790450
1356.700000;2341.776088
27591.860000;8949.866551
1019.140000;950.836214
7896.170000;5340.361874
3433.320000;-7300.887749
6071.670000;6730.949043
1702.240000;10966.614801
5749.210000;-38001.893790
1068.850000;-160.617051
4369.720000;-2847.505438
18685.660000;9106.163877
1798.130000;14397.596210
4960.980000;6952.862863
6314.700000;96773.639996
8837.890000;6466.788077
2090.140000;7316.192446
11272.590000;7927.190501
7439.270000;7635.599654
16949.770000;8530.421525
506.290000;6548.930079
157.550000;7187.059835
571.960000;-2277.040234
3914.740000;5125.859317
6328.310000;6563.856573
9861.860000;12965.386342
7701.930000;8914.670284
8511.520000;9657.153715
6813.380000;68982.203317
7962.970000;9422.629477
13402.870000;9461.179438
7180.830000;10920.454459
6214.230000;9472.041872
766.280000;1958.184544
6367.530000;6769.637155
2149.570000;2994.083474
25544.660000;4129.579941
6372.820000;-485.362201
3531.170000;-464.836071
4329.790000;6442.497967
186.760000;-908.230746
