8897.480000;13110.992331
2082.670000;3836.423269
437.360000;1996.838019
14590.860000;30069.642657
8412.470000;12304.721798
5315.520000;22663.414846
8095.170000;28969.953787
2389.100000;6356.148293
9579.090000;6934.583028
8000.000000;3309.431235
13032.900000;4643.300985
7192.310000;6684.607590
6443.100000;12975.865966
135.390000;-673.654804
19497.940000;11124.603779
16030.560000;11124.603779
11275.310000;8930.460695
7415.270000;15116.021608
6360.000000;6364.031494
2612.560000;7542.088088
7606.200000;9136.207709
2118.300000;96773.639996
6235.410000;96773.639996
2766.000000;2418.236250
13272.520000;9615.555208
5577.330000;4056.865994
5572.350000;6083.031611
856.850000;825.317816
5533.790000;6723.560528
6601.210000;22514.728642
10323.260000;11898.931941
6560.000000;8173.321838
1082.780000;11503.246075
7505.720000;4710.868724
14304.660000;11118.189914
952.700000;6714.314987
15240.870000;96770.462222
16734.140000;9334.942746
4905.890000;10281.457691
872.470000;-323.312359
15874.280000;11267.432635
8014.100000;55875.421439
937.910000;-96773.639999
4985.170000;8847.576739
19682.580000;9869.265695
57177.000000;13349.689757
5553.400000;6715.786434
4449.260000;13611.025292
800.000000;38485.029803
8414.450000;12232.935884
5710.000000;29838.424245
11050.360000;7534.872737
3608.130000;2443.663359
6909.600000;12547.832187
13362.900000;11599.888963
6239.330000;4066.007263
5637.910000;4066.007263
5708.460000;12559.187388
4481.430000;4195.336408
21395.930000;5040.253577
11392.220000;9805.114225
6602.890000;7016.917332
391.870000;-5947.217852
10422.960000;10966.196429
6057.290000;20638.104127
4568.330000;6949.341182
5225.120000;3084.065333
3568.560000;4083.178437
526.940000;4255.500621
9042.760000;11629.853751
2380.290000;8827.821027
4992.970000;6574.258622
3600.000000;6426.937796
5712.220000;6918.514538
20316.000000;10343.693520
6091.980000;6695.431406
362.000000;96773.640000
11314.290000;13206.754975
6505.020000;6578.553224
12631.580000;6725.805929
179.850000;1132.196819
5493.570000;-2736.106534
4448.620000;6733.576087
4591.050000;4097.446668
11897.990000;300.387373
5327.530000;2802.112995
3600.000000;96773.639977
12205.630000;6987.972792
6742.280000;14257.031495
2365.020000;1888.032228
14718.940000;7000.048380
4787.990000;6648.751834
71612.230000;-1373.403256
11751.870000;6806.932632
123.090000;4390.290348
17094.280000;11232.449176
8527.530000;52591.091715
20497.810000;8979.280630
1441.890000;4118.700572
1792.860000;2934.181411
11138.800000;6540.037211
565.240000;6293.627183
8349.060000;4018.688763
6030.910000;6771.053960
5297.600000;4221.282264
5142.790000;7941.140276
525.450000;6509.993043
4431.080000;6510.535440
9067.680000;6527.496142
17116.540000;27983.647413
819.740000;365.773632
19783.690000;10771.341944
5580.080000;6842.109788
10798.750000;6846.428201
12857.310000;11800.585988
12654.580000;8841.219104
3904.330000;6659.595466
11806.150000;4020.258062
3512.110000;-96773.639994
457.450000;-96773.639994
26584.330000;11869.603947
14873.060000;6567.630265
6512.480000;6510.013959
538.690000;4242.249307
761.560000;6655.086234
2216.350000;-34986.109524
4459.890000;4530.850111
2506.380000;5488.200102
4924.100000;9314.730563
4301.860000;6865.275847
829.110000;126.600539
2314.310000;58773.921090
1600.000000;65305.249821
2301.670000;5936.798457
26721.550000;13612.190447
5798.650000;6531.547909
2878.220000;4736.264513
9611.750000;12011.836187
14117.800000;13168.190746
3600.000000;5400.954552
679.850000;48745.625762
3649.210000;6497.132690
3505.850000;5807.088010
3647.000000;8251.401525
1164.810000;8396.626869
3502.940000;6186.137797
3505.850000;6310.094071
442.820000;4135.407809
771.750000;2530.392436
6111.710000;6806.569360
5353.050000;8630.893708
29299.020000;9120.121439
13320.000000;9084.362357
19084.300000;-96773.639996
2985.770000;-17460.413515
9258.250000;9330.652055
7796.270000;9812.143013
11800.280000;96773.639993
10808.720000;6936.885005
12576.490000;6667.992734
3600.000000;5245.759837
662.780000;1788.084303
4599.540000;5570.623130
3726.950000;6784.048424
5655.200000;5163.929058
4041.700000;4028.649329
548.610000;-6813.579322
4741.050000;390.087499
9066.360000;8244.943311
1523.860000;10213.663152
16008.160000;25081.205186
3324.320000;12110.483169
34264.260000;12827.244599
4206.750000;12769.958843
21402.240000;11037.580886
7301.730000;9162.965628
6457.260000;96773.639984
7125.640000;2478.380670
1895.030000;2636.854279
5535.410000;6816.257451
860.090000;4889.883182
4633.920000;-96773.639884
12728.670000;9947.208314
7160.350000;4068.126058
632.370000;3414.556710
144.120000;-5027.955161
14420.670000;8752.515739
6923.840000;4056.665673
5465.880000;11506.417187
4235.660000;9581.490257
13608.290000;12268.765424
7363.980000;10905.152829
7138.730000;6588.749739
6733.600000;7302.311261
1529.410000;3047.700043
16911.350000;11404.407875
12259.340000;11533.542751
5468.300000;6314.148344
10218.180000;8829.850406
2493.380000;2728.834470
12551.190000;86907.021578
10215.120000;9717.102059
7727.660000;7011.942740
6643.300000;12663.184720
13257.870000;13526.015868
2172.150000;9745.124751
11790.800000;4077.451941
4344.910000;4456.504296
7240.820000;4031.067744
5162.260000;6739.146744
3588.040000;4236.223765
33080.950000;3782.281338
42504.130000;9259.274895
5272.660000;9358.680569
29957.430000;96773.551349
1901.020000;11203.748692
407.740000;526.871249
30765.960000;9377.579723
13371.060000;12405.634013
2257.680000;4798.715084
3791.540000;1167.496827
4237.400000;-8505.180072
8422.760000;2865.904386
2435.690000;4118.022823
13568.670000;11332.228897
2738.360000;6464.638534
33310.230000;10740.552730
3030.630000;7184.079377
1412.620000;2410.335060
3913.880000;4051.520602
3736.550000;6435.063702
15277.270000;9330.391916
8929.250000;12679.284198
25.460000;-1536.143515
21052.630000;14011.886642
1036.320000;2495.163305
4074.680000;6603.970903
2500.000000;5459.021417
14033.120000;9476.471374
3101.830000;-7741.593094
1912.090000;-7065.733496
4830.140000;8017.296612
4584.110000;6438.137230
14003.290000;11894.739197
3713.480000;6674.325240
11388.000000;9605.960129
5302.840000;6618.983549
7993.410000;6672.266838
15802.730000;12062.014241
13624.950000;10838.672839
13079.520000;6668.163005
8.780000;-137.494554
5521.730000;4109.254874
8688.000000;4104.713672
6447.930000;7294.870517
877.410000;4306.173508
8048.400000;6662.113735
13777.060000;6359.137268
7897.670000;6895.819645
6539.800000;6647.608493
1402.910000;3022.153390
6010.510000;6510.594848
21217.690000;6462.703297
2748.490000;5333.399860
30048.510000;4284.022865
3467.080000;10116.610842
16111.650000;49724.028343
8406.220000;8704.423109
9586.560000;8721.239985
5110.740000;3568.461806
1071.570000;-7471.372852
1808.510000;7279.358409
3914.650000;9717.292594
9387.840000;-92545.813381
9748.240000;6622.763672
1613.770000;7043.352847
3907.610000;6564.637039
3605.300000;6842.984911
665.340000;8509.514893
5512.760000;-2923.337693
7970.400000;4138.567037
1861.410000;499.591642
8911.560000;6799.046561
9208.930000;6545.250201
4162.010000;6665.102432
6063.120000;6765.996555
4050.270000;6733.402245
7837.180000;-854.416376
1829.160000;1616.773306
1768.780000;4200.361026
1564.050000;6390.748439
4978.290000;6516.242402
4630.680000;85188.737279
8833.710000;11395.314283
120.530000;-956.718174
120.530000;1719.025541
502.440000;435.224770
3726.600000;6446.771376
67.450000;6446.771376
1640.700000;3227.757388
14763.150000;6548.113140
2415.830000;2573.189785
2942.470000;4535.268883
7207.100000;9223.417254
4493.690000;-2682.048764
6952.300000;18367.697720
763.550000;-4949.071036
688.140000;12427.271670
11420.630000;18367.697720
7962.080000;15445.414707
6454.120000;11370.677007
6547.340000;1200.316854
1758.900000;12125.617607
21329.190000;7619.864393
9032.180000;6944.179284
1378.570000;-96773.608110
13919.780000;6567.284343
2107.540000;4875.932514
13058.250000;15903.733603
15612.230000;4028.343501
2238.610000;6563.778204
1013.670000;3277.516422
7626.600000;6434.752023
4855.710000;7236.011367
1594.590000;6549.637225
1440.760000;6359.037176
4091.430000;63285.666770
468.720000;-44551.608759
3058.390000;13921.884977
463.390000;-12024.201655
200.000000;6692.931213
6420.820000;7041.987605
8416.340000;11970.541069
625.230000;4136.050038
1828.740000;1797.002424
8744.980000;3977.593800
9432.260000;8982.167224
3449.430000;6601.773185
4847.220000;6511.147894
8856.530000;6617.687136
5926.670000;6746.790534
4197.870000;6141.045283
2767.520000;-229.569654
6.030000;4581.010905
8419.110000;-96772.782244
573.180000;25070.307849
876.460000;6772.122403
3505.850000;28695.737299
9800.830000;6445.102807
3421.420000;6523.167596
2500.000000;96773.639992
8810.190000;6515.348877
979.060000;7056.102469
14699.800000;6549.212278
7583.740000;6496.915850
17391.100000;-96773.639999
13356.370000;-3402.158465
7601.520000;6646.452227
4210.120000;96773.639987
9425.700000;10340.638692
7731.840000;5923.967148
81.710000;6239.298764
7567.790000;10320.736669
14925.710000;7693.714603
80.200000;487.873416
8327.900000;6429.510512
4911.230000;6424.014846
8012.910000;7731.482286
4286.940000;6515.662759
3717.830000;6581.015502
5400.840000;6882.961388
2332.100000;-798.244207
5164.750000;-1305.908182
15819.500000;1948.460664
7857.580000;6933.266687
9105.170000;6641.108891
13261.400000;7765.404029
16169.430000;17790.682338
10574.270000;31416.804170
1326.580000;13730.500891
3415.400000;2733.822816
8148.580000;4013.386005
4533.440000;-7284.160085
3016.330000;6379.647512
9624.050000;-96773.639881
5182.200000;6572.456254
4925.430000;-7707.523736
7996.470000;4329.873030
3856.570000;6746.357592
6080.730000;4085.611261
1051.930000;-732.355932
2617.310000;-64367.159960
618.220000;2427.219116
10910.250000;11264.930835
19324.540000;12227.717837
6252.320000;6569.134669
19613.380000;9106.541239
17750.840000;9209.295885
12681.550000;6476.398000
10681.280000;8756.534442
7797.840000;10735.018816
19428.820000;14317.148161
2170.240000;2874.696444
9561.030000;11472.403131
4843.630000;6126.221725
5618.920000;6666.618861
2745.170000;12530.421894
7738.560000;9726.671759
3991.390000;-2154.155338
1909.100000;6495.393739
6911.270000;12221.221871
5512.360000;12390.762610
10297.460000;6867.872435
6689.280000;6967.516167
4344.880000;6716.479347
4524.090000;11435.552547
8899.740000;11702.838212
2791.940000;7337.798142
32791.840000;11763.249388
7103.570000;6904.823755
10492.140000;6515.967048
7785.190000;6511.574207
5556.820000;9715.977820
13929.650000;6019.168744
4189.350000;23985.939460
2151.330000;1135.783239
2601.640000;6546.101132
3287.130000;6769.106098
4124.420000;-4921.896128
6308.990000;7998.593549
4921.990000;10170.181256
13730.110000;6325.919742
5281.700000;6444.015870
3243.740000;8582.339088
565.780000;9797.968684
231.700000;1937.563491
6672.690000;10332.799456
5095.470000;1994.962215
3120.000000;4042.291346
3240.000000;12234.258385
10167.820000;8842.201980
9265.000000;9401.276674
5622.360000;6532.966816
8634.650000;6529.923348
4101.250000;6505.977578
168.690000;1631.018451
10708.280000;4592.735249
6972.390000;5861.355403
9600.000000;8164.654296
7476.480000;6931.759844
4054.610000;4231.856940
6662.570000;6959.238285
406.840000;-242.204009
5048.160000;14034.715769
3495.710000;6131.738602
3495.710000;6131.738602
8373.510000;4255.331916
9059.530000;9276.568316
24617.700000;10265.439153
2859.990000;5474.397977
7931.120000;13002.219425
4143.080000;6783.921454
10046.850000;12322.269480
7498.220000;10408.824130
9211.390000;10161.845323
887.000000;400.473112
7574.560000;8135.079123
6587.080000;4213.326822
7194.180000;8831.315180
4440.090000;6921.722308
800.000000;-3658.203173
4344.300000;2103.259331
9080.880000;5737.952212
4900.170000;6507.123938
5862.260000;6498.778437
9456.220000;11695.185668
10630.360000;6504.624907
4558.970000;6495.827125
672.850000;-96632.110158
10485.500000;20643.268234
5285.480000;5829.367330
1896.500000;6409.763241
6888.240000;6900.937445
14919.660000;6677.755853
3859.380000;6889.200321
2810.760000;4199.824424
8168.560000;4207.676414
100.000000;1944.648594
1644.050000;1938.213208
464.000000;10147.394787
8265.600000;9202.121476
1910.180000;31099.848316
5730.400000;6647.503121
420.250000;6484.563554
7037.150000;6855.477867
6801.510000;6446.616245
7238.680000;6926.425449
6756.030000;7399.682325
1095.880000;-504.994597
1464.310000;6665.410145
2910.070000;19875.798910
8400.000000;6480.886747
3522.850000;96773.639996
4834.190000;6508.182115
12940.480000;4174.975118
804.060000;25001.084045
100.000000;37374.667839
1216.630000;1907.885444
1371.350000;-7087.055636
4226.500000;6421.819989
25488.220000;16781.558633
5598.090000;6851.117747
4007.170000;2557.680892
2141.870000;1777.886456
5834.140000;6814.100007
2913.910000;4322.823249
4143.000000;11734.016100
8872.130000;9378.074114
3489.360000;9892.190706
9828.860000;8817.895353
6787.050000;8292.221965
856.860000;4134.278023
86.890000;-1596.324219
5800.000000;9899.488838
5616.580000;9342.258209
7889.610000;96773.639995
4807.890000;4214.525123
3019.290000;6702.189561
15719.100000;11607.629272
3833.440000;6361.325098
8791.260000;5619.267565
9147.940000;10177.375989
8025.040000;10772.215851
3430.030000;6585.322442
4148.440000;6585.322442
357.750000;83818.283652
3913.080000;5152.041833
5657.970000;5386.863527
1247.940000;642.009667
10602.520000;6692.612436
5883.030000;6694.877666
6451.510000;8438.342935
3956.950000;4578.026301
7382.160000;11041.496191
7344.140000;8685.116382
6234.020000;5978.247136
5536.610000;-3749.523957
4860.000000;1392.229943
7294.000000;5780.865483
9375.720000;6637.458261
1622.890000;13253.268424
16859.640000;4428.286902
3359.590000;96773.636683
1014.830000;13687.959046
499.920000;1228.196410
2761.490000;2797.849115
5637.290000;11850.719117
11258.280000;11850.719117
7367.790000;5401.763962
3199.150000;9091.680470
4200.000000;10583.956671
4000.000000;4871.581455
9457.410000;4046.001511
10188.730000;10622.573199
11610.580000;11363.013774
7119.920000;9027.244942
6455.310000;6902.028943
3547.690000;12012.066759
7949.780000;-2764.452764
7415.660000;6517.889462
9236.470000;5823.848999
7152.350000;4052.425643
2999.840000;4065.224286
3504.580000;8617.586983
13095.570000;6579.321160
5069.150000;6917.364122
4138.200000;6519.127306
2782.920000;2130.549103
7080.750000;6647.147872
436.180000;1713.750792
13585.440000;9270.956236
1593.620000;23565.645810
8396.730000;10727.519931
6002.550000;4831.350055
4437.540000;11904.853901
6690.810000;6566.581647
4653.090000;6537.955017
753.740000;2578.624608
2949.000000;14924.791482
718.890000;96773.640000
3827.970000;4578.727483
8300.000000;-299.417087
6482.010000;4842.060934
4144.330000;9344.736224
6640.340000;11534.215772
871.390000;-96773.639994
320.000000;35053.941714
10896.720000;12968.061645
12880.060000;6872.472827
4016.700000;4249.098163
4186.590000;5701.978380
6667.070000;6910.907598
319.200000;4407.828290
3869.240000;-6708.107467
15968.960000;-2221.923986
6798.980000;6905.261516
12000.000000;6756.639341
4868.370000;11106.909622
5105.020000;3864.803218
2635.830000;-1162.005302
5134.600000;4287.756425
3600.000000;6661.373455
6668.810000;12748.677296
4512.000000;6096.860872
9081.550000;6552.244027
3675.230000;6553.341023
5368.890000;6997.763191
3592.300000;11393.433064
3480.000000;4136.058188
3763.520000;20069.316163
13930.090000;12693.245734
9323.830000;11747.827867
11091.020000;12354.692078
1152.880000;-1646.238415
3703.820000;-2515.343692
1608.780000;3848.630713
22511.750000;11707.473947
5182.060000;6554.777554
2638.130000;9495.866603
11697.140000;6666.734532
6609.590000;28840.161492
3564.490000;6814.861389
6127.890000;16534.528266
8930.970000;6593.707243
5859.760000;6503.442482
9230.700000;6701.248327
1748.850000;2928.727891
6567.050000;4754.868039
8313.970000;9079.248564
14598.400000;8305.294750
3903.550000;5699.044114
321.900000;-6276.457760
4110.590000;5613.403126
924.030000;-10742.999578
6753.160000;9611.848988
4123.850000;6641.363693
9117.710000;12070.154194
6826.540000;10763.413863
7685.880000;6843.102779
2384.190000;2649.892747
4557.330000;8853.927467
17190.600000;9589.023934
3943.740000;6608.145019
7864.640000;6584.150459
250.000000;-1956.090366
12530.350000;-1348.937894
19806.920000;27594.760494
6000.000000;5685.183589
9193.730000;10774.489381
6765.760000;4081.791359
8272.690000;6688.899928
4014.570000;3996.414199
15191.880000;11264.866375
9350.660000;9737.799356
1164.670000;5520.043865
4598.190000;8343.983592
7740.740000;6875.029138
7170.260000;4135.441829
4507.840000;6587.001166
3150.940000;11020.534186
846.900000;1954.564522
3989.960000;9521.692244
13064.300000;-96773.639998
1200.000000;-96773.639995
2204.300000;3143.491555
337.200000;5336.088379
6903.750000;11351.078465
9748.510000;2548.067902
563.530000;285.700799
5280.000000;6472.040813
5692.080000;8080.538966
350.850000;16619.541189
27697.850000;2133.253138
1873.570000;61364.390715
2300.000000;4156.515370
551.700000;6819.965940
505.180000;18096.123314
5142.550000;9047.406657
5259.730000;6550.309416
3672.220000;6797.884083
3787.350000;2700.724279
24701.670000;11600.997734
41078.480000;11579.137330
4725.810000;95429.845968
12484.570000;9680.516520
9825.670000;6780.210815
6693.740000;6829.932952
3500.000000;10259.456477
3864.410000;6357.379548
250.000000;-23921.563185
429.210000;-11409.621330
478.210000;6298.486144
5163.250000;5137.925943
6401.270000;6712.347662
19433.760000;14095.445972
18053.110000;12734.448419
5611.570000;5257.698077
1490.280000;9542.168912
6887.980000;6845.789264
4419.930000;3200.267885
6849.710000;6855.673874
3791.790000;8345.351812
3163.950000;4935.015437
6009.880000;7074.860413
9188.880000;6630.686817
27.840000;7209.372524
4065.020000;6705.124830
19601.160000;6667.951828
8244.810000;8904.826735
8085.340000;6585.719480
3480.000000;6794.825959
4452.950000;4058.240110
4624.320000;6762.604512
232.650000;1191.860253
6551.500000;6846.409247
13060.020000;3938.952022
7939.300000;10672.540072
4254.830000;4540.002041
1401.480000;10090.266553
1854.720000;5735.132204
6066.740000;6253.905621
3527.630000;13880.954096
21782.320000;6884.489893
10388.210000;5945.621306
695.090000;-6890.417039
3783.270000;6645.778610
12978.410000;19026.579914
2222.880000;2535.047657
12592.000000;11425.628642
41234.040000;8284.964956
11273.840000;5721.676613
2184.790000;1538.704665
1155.900000;2569.670232
10224.020000;7811.815880
9706.600000;6450.652830
3087.900000;1014.319660
6827.500000;15487.688481
1147.830000;96773.639422
9016.110000;15447.078581
4042.610000;4878.943991
4219.760000;6569.937495
4935.260000;-5826.181180
4449.850000;6745.064171
7539.930000;6561.168963
509.890000;10069.247984
16105.810000;6751.312508
700.790000;11003.238092
34309.940000;96773.639997
709.260000;2076.390571
6897.610000;7342.083706
53854.610000;96773.639994
351.020000;-19220.039668
6338.130000;4227.226543
8716.090000;12492.245160
4380.000000;6507.309233
23684.210000;10228.567304
4085.410000;2892.431195
1058.250000;-13066.960956
5792.170000;6535.245949
4564.370000;6789.348358
4920.000000;10697.706340
746.720000;2399.555366
14676.340000;20750.891824
5688.960000;8705.143837
5396.460000;2910.394045
1574.020000;2522.080781
14599.320000;12085.334118
4648.250000;12127.840743
9041.490000;6891.115814
3795.520000;6618.959918
12972.130000;10694.961038
10440.000000;12638.074351
617.510000;6525.775833
28726.360000;5161.438713
4154.930000;6681.962620
1754.050000;2682.804428
6002.510000;6885.461767
6338.820000;-17799.714423
4478.660000;8130.379948
3739.860000;4105.786879
444.530000;1781.900547
8524.540000;6553.446741
7977.050000;13267.171718
3477.760000;2606.523257
27396.240000;96773.638200
6779.790000;7003.446932
3518.980000;6330.774390
6406.380000;6877.203662
10860.580000;6761.645317
47874.000000;11744.383540
9162.820000;4795.514606
6469.840000;6919.157922
8930.700000;10416.873024
3560.890000;6933.899181
6784.250000;6886.042986
19981.850000;11459.038416
17437.030000;11459.038416
1876.830000;7022.330247
6849.550000;10832.659718
4080.740000;6845.585683
3840.000000;6496.094901
4200.000000;6291.488762
3697.480000;6429.639013
4442.140000;5507.572020
12150.510000;10763.188393
8094.900000;5965.816587
2124.700000;4362.606290
4882.730000;6675.624349
4900.130000;6985.480202
9012.660000;9311.945715
2669.150000;1806.956885
435.000000;-4516.489534
11000.030000;23643.568028
6600.000000;6557.226095
3620.100000;10561.748891
3457.180000;6824.477352
34839.410000;11190.066693
14040.000000;11400.991040
4246.370000;6499.863963
1478.510000;2361.896912
3800.870000;6477.818577
6672.210000;9323.256954
5506.370000;9156.879349
4283.020000;6530.443574
8487.000000;11480.661628
2668.210000;-2405.480445
11625.550000;8884.417693
3504.550000;4040.035574
4391.850000;6652.881434
3146.400000;3894.121243
919.350000;46459.219976
2241.080000;4497.210194
3200.000000;16045.422173
3378.570000;1453.752166
48954.150000;9489.386042
6862.150000;2605.812965
4822.200000;6654.254772
1282.130000;6355.537985
6845.200000;6524.887243
11922.100000;6868.529630
5990.780000;6988.083814
397.840000;5571.181676
6871.650000;10811.003545
4933.630000;6729.740756
6516.890000;4008.858886
5126.130000;5243.930819
5824.560000;3592.945841
8663.700000;4399.938771
12114.400000;11314.941623
7578.210000;-2339.542813
9812.800000;11534.313959
9758.140000;12201.653772
8197.520000;12552.013548
6057.290000;14926.238881
24330.570000;16224.204564
10877.690000;21852.874197
302.210000;2433.907350
340.970000;-1081.603231
63.720000;1385.522120
557.930000;8169.387708
9435.030000;18094.943689
1479.860000;1659.691012
3941.610000;4056.428363
10680.740000;15491.482700
24679.690000;11781.083404
10256.000000;11024.365509
10376.000000;96773.639998
14224.080000;10835.220027
8683.930000;4052.106589
22482.870000;11015.769210
23084.470000;11499.445208
407.380000;1608.056161
163.200000;-96773.639998
12075.040000;34055.670296
2683.260000;96773.639999
94.780000;3239.724847
1862.640000;-2428.916264
15352.130000;10348.381513
7673.710000;8604.265568
5315.620000;6465.169512
9815.030000;-2898.140528
66243.660000;62480.124966
53273.120000;62959.342745
16267.310000;4791.638345
34324.370000;11108.599585
5690.430000;6444.462217
13989.430000;96773.639997
5999.840000;33778.036161
155.110000;-96773.639995
1563.540000;-96773.639994
8688.460000;96773.640000
6853.330000;20845.849960
13317.510000;8792.213252
4266.500000;28737.902346
1560.990000;96773.639971
975.750000;96773.639998
6512.050000;9177.710651
8005.720000;6389.487163
1142.810000;1980.285141
3600.000000;6423.929831
11524.150000;6477.624675
3930.130000;7369.113368
3776.260000;9586.728306
17179.200000;13770.038483
4464.430000;6642.667624
1392.790000;9839.231215
9503.020000;6549.506978
372.690000;14212.310076
14417.100000;12714.973014
11203.040000;96773.639998
8408.660000;4051.202467
1386.510000;3009.778247
3390.000000;8413.030966
8486.670000;8607.452784
7231.310000;8849.766655
4833.290000;-3753.219272
19242.060000;7815.662445
12306.730000;11109.099356
1745.440000;-96773.639999
1303.290000;1958.317062
5014.230000;13901.761401
5555.050000;-2155.256984
12711.650000;6972.337281
3029.450000;6688.632966
494.200000;1133.748022
4689.570000;5671.939192
10917.280000;5902.917703
2964.570000;11493.340535
6921.000000;12867.637950
16247.540000;96773.639999
12566.600000;5376.544082
4496.350000;4187.668179
2312.470000;8259.916414
1044.130000;6257.963906
3495.710000;6379.294949
1519.540000;4385.061494
9515.950000;9394.235270
6791.400000;6669.511388
4749.990000;6491.434410
10973.600000;8646.924236
7704.780000;8482.570336
6566.400000;4285.434889
3741.280000;6361.682454
8341.080000;5489.061462
16311.540000;7429.156028
33427.710000;8536.765898
5974.350000;-96773.639995
10365.980000;14765.497302
14407.250000;13362.584633
12296.000000;10279.958207
3147.800000;59875.336449
2369.850000;2755.002324
7721.650000;11566.416527
10720.160000;12353.734369
15864.120000;6869.864630
6263.720000;6281.678716
4681.920000;5786.194254
10693.820000;9046.353850
3711.960000;5217.266349
5058.680000;10670.185527
6662.540000;-96773.639995
6893.530000;-96773.639995
7715.710000;-3631.148453
14277.890000;8435.509834
11000.790000;9231.462618
10497.220000;31271.730208
11265.590000;4774.274220
18612.240000;59802.318961
15812.650000;58091.852492
3401.900000;8954.033684
23643.290000;96773.639999
9422.030000;3644.190937
1616.700000;41592.074312
9532.640000;-27207.969465
18166.240000;15094.453083
6220.950000;12009.660077
5232.410000;6523.812146
7712.900000;10382.184942
12699.710000;63311.726210
5908.250000;63146.996364
18691.560000;11899.289212
7842.100000;3688.405161
3727.200000;40679.914340
6518.450000;11232.829454
5647.530000;12527.844148
12133.040000;13226.372518
10688.480000;4844.275047
726.800000;2939.689813
4407.040000;12858.469098
2088.610000;4396.498918
615.650000;-284.997578
5330.710000;6754.967294
4200.000000;3183.887880
4063.640000;96773.639999
3779.250000;4062.396334
7808.070000;2934.389026
9012.220000;6720.089503
9529.160000;8731.251808
306.140000;5069.191082
3105.840000;6766.620651
6866.830000;12063.029261
5492.380000;4860.974960
19662.670000;12454.092104
11074.760000;11608.214651
4174.040000;6282.791881
6106.250000;6831.848433
1719.530000;4565.183050
8769.660000;8498.799983
836.740000;1737.301972
483.160000;9554.469954
27943.350000;24772.192314
2205.000000;5726.791183
1916.040000;41787.821962
4175.450000;-1095.492952
750.000000;-15479.639298
515.380000;4061.868925
6811.420000;-260.880960
2021.920000;3556.145927
2178.820000;-1784.579981
36287.960000;6931.908465
4759.470000;6729.189623
2992.390000;5942.789770
5669.810000;15459.363803
3766.470000;4337.493324
3798.550000;2091.623928
7741.360000;6763.973219
5143.940000;8967.745665
9579.690000;6308.058586
96767.610000;8604.646493
4851.440000;13630.161019
3022.680000;2638.956217
343.380000;4233.749640
438.060000;3779.977383
4693.890000;4571.605628
6752.110000;6986.201945
2556.160000;96773.639930
4213.560000;-286.378337
8468.650000;14009.101485
10245.280000;5085.320540
3833.890000;6775.686022
10016.520000;6531.715018
700.000000;1973.309537
9070.990000;11828.913506
322.610000;1876.906095
389.220000;1790.790890
6443.870000;11233.452228
1381.070000;2825.411529
1809.020000;5294.341378
2380.000000;6391.779683
19110.970000;6906.825649
3472.980000;7402.744673
4086.380000;6199.038711
649.090000;-410.382519
3718.000000;4830.160667
3624.420000;6444.021416
3418.420000;6783.964298
4527.450000;6857.881127
311.980000;6778.352044
68497.720000;-96495.645873
1089.470000;-13177.736720
10.000000;1957.248412
668.930000;2477.258626
5268.910000;6681.285485
1720.000000;-96398.347403
6702.660000;1953.517887
4690.370000;11890.542065
3252.950000;7103.491422
8379.540000;8559.473816
3103.610000;5554.179675
673.900000;1993.085043
425.930000;7240.389703
15867.340000;11684.526673
4558.040000;6693.608371
4429.730000;6792.687614
1417.560000;1991.161885
998.250000;4231.690703
4560.000000;6676.374739
2750.380000;12539.345040
3386.670000;6663.658224
1118.520000;6465.386136
555.500000;1939.835419
5017.820000;96694.073881
11750.620000;12546.796965
1397.900000;2086.782902
24348.920000;15715.001555
30.000000;791.418696
57.590000;4379.366033
2715.170000;96765.585242
5236.250000;9220.917697
168.300000;219.543582
3490.410000;-6717.707734
1651.560000;3710.221600
8095.680000;6513.553713
5433.640000;-8248.790343
9065.430000;6503.803418
15613.540000;6672.216859
21148.490000;9871.450272
4765.190000;6539.318586
7132.450000;9804.960638
712.740000;4257.496850
10803.140000;6856.590597
3706.000000;6793.190950
1800.000000;2593.609542
4147.100000;1438.874133
439.650000;96764.029674
6641.260000;12196.739205
3337.990000;8262.451945
10095.040000;8607.883510
5502.780000;1885.460511
9171.720000;11841.585591
4800.000000;11610.320577
7862.250000;6811.325489
4036.740000;7543.665316
5792.400000;3777.084902
5204.050000;2357.756198
2884.960000;-96773.350216
1318.680000;7323.461606
4661.230000;6597.122100
5788.980000;96763.333026
15895.180000;-61496.127874
1753.360000;2513.507720
3703.590000;6678.180092
4807.490000;7875.499407
10039.830000;11469.402898
1037.600000;1950.294544
13122.430000;11643.480938
633.260000;4115.683470
2268.990000;2720.091685
2102.710000;1766.016167
12832.070000;4721.868519
3806.320000;1716.903759
2896.200000;-96773.634129
37742.850000;29340.342107
16297.760000;11124.959314
14549.350000;10444.684177
13379.330000;96771.418326
1577.660000;-11199.656895
6428.180000;7042.490300
8615.950000;6930.454561
10218.180000;9892.424492
3024.330000;6693.351341
27069.020000;12640.737080
17109.880000;12449.782439
1574.420000;4272.805917
2106.710000;7000.127561
6096.330000;4685.638034
5290.380000;8129.295586
2533.030000;6717.824775
9344.640000;6835.814023
4554.590000;6281.258412
6640.510000;11844.258826
503.460000;2651.542783
1761.560000;2771.962480
2053.110000;877.215794
8172.800000;6629.929220
8904.760000;6867.370532
24538.630000;10212.358594
4777.750000;6964.047152
8676.670000;6596.512111
1752.930000;6721.640415
4010.830000;11780.083064
4392.940000;12366.001080
12583.870000;10945.453154
10184.040000;5459.158673
4489.440000;10802.047672
5831.840000;10469.550366
341.200000;26913.437522
1023.520000;4270.814372
723.500000;3069.005698
888.950000;10606.078522
15974.670000;7750.948245
14356.770000;6939.007380
4383.330000;6983.072447
9713.870000;6066.615108
6967.320000;6377.513530
298.850000;-9986.812281
7272.070000;9596.018876
6033.510000;6667.099450
11165.330000;6816.026206
11462.780000;7490.107206
6371.640000;-1149.933519
3373.290000;11576.221428
17367.440000;6752.962340
7259.920000;7578.725126
9850.000000;3359.579096
74592.570000;7621.014411
26331.960000;9724.960677
808.610000;4095.406303
13722.490000;6920.994191
11016.390000;14269.141642
7777.390000;6670.163681
5113.960000;6689.503254
3521.940000;6404.589044
1895.610000;3464.768342
8847.700000;7062.472790
7026.740000;7012.543966
305.780000;-540.829900
8893.560000;14503.409088
17392.270000;6654.949799
8120.390000;6974.725211
3451.290000;3804.047143
2570.380000;7725.157147
5523.910000;6629.726420
9376.740000;8820.523544
5782.160000;7000.401601
6543.310000;3583.408716
3459.090000;7580.491858
1195.280000;2315.871946
2523.870000;96773.640000
13832.250000;6674.641331
3895.510000;6997.605377
17192.800000;6615.919303
3639.250000;5643.384861
15565.860000;5266.876839
7174.230000;9543.356981
16417.080000;10417.046946
5224.200000;-96772.822140
12850.100000;7485.728490
100.000000;8641.293814
7659.410000;6574.414043
5882.180000;6577.877220
6411.100000;6680.768125
5095.000000;11421.483431
7709.440000;1996.417684
3526.880000;11721.553463
8294.470000;2986.276773
8224.140000;9397.126411
3812.790000;-96773.639038
5512.000000;11686.073421
58513.530000;11035.223044
6486.180000;9633.365761
8956.290000;9312.138698
2177.650000;-5387.138440
13948.020000;12968.102189
3720.000000;11238.646618
6821.280000;9449.386585
2073.950000;3508.848246
3984.260000;5423.756934
9263.990000;6034.291401
4630.420000;6746.167650
3948.670000;6990.421984
418.940000;1142.917512
1137.270000;18966.605823
15657.360000;7118.368300
7458.720000;7231.867257
3406.680000;6993.720812
32023.450000;96773.640000
2348.660000;-2925.105807
1709.060000;15640.839866
2896.200000;6889.441667
4548.000000;6993.988241
5128.060000;7001.174147
3591.170000;-2671.697393
5042.590000;2596.396627
7773.800000;7054.659683
313.270000;9353.728534
4285.690000;7055.694151
3680.960000;2347.222976
7298.420000;2622.048065
7800.000000;6976.217518
7724.940000;8675.406192
2117.640000;4262.338811
7506.790000;6825.715225
20289.990000;8872.610442
3702.090000;1760.239555
4259.740000;6451.080959
6927.130000;7172.713572
5821.660000;2517.799984
21560.390000;-42660.826542
7764.560000;96763.894234
4102.920000;3368.654582
4375.590000;6648.769296
8260.360000;6710.162175
8203.590000;6486.823665
2174.860000;-139.580493
13085.260000;6672.445830
6484.190000;6810.039559
8512.990000;6684.282930
7287.700000;6993.256453
9918.790000;6696.713287
5231.760000;6576.838257
4680.000000;6521.935653
5200.000000;6670.293869
4687.470000;604.595545
4280.000000;3707.641184
1300.000000;4496.559974
15305.290000;17094.090292
260.430000;4261.903075
6592.650000;12273.615000
15822.830000;6691.787273
11578.410000;76551.421488
14429.520000;4198.007812
9465.550000;7006.186380
320.060000;1251.736692
4126.330000;5581.082049
5405.730000;5255.205276
3505.850000;6747.037209
1752.930000;3753.643427
7383.940000;9421.652610
1098.720000;1970.486456
5327.150000;6614.237355
6889.470000;6513.496123
4046.280000;6492.479599
3931.610000;6047.641641
9719.810000;8850.917392
4727.330000;2072.369369
7015.030000;8484.495097
930.860000;1740.023097
881.700000;6512.196197
2742.240000;6648.330078
1292.910000;8418.523464
8081.390000;10828.155895
8688.600000;12626.446808
8553.830000;12352.040428
5383.030000;8934.882782
4358.140000;17949.068262
3544.120000;6518.038402
3675.320000;9322.739553
1752.930000;9617.058961
10197.490000;6610.619280
7470.380000;9601.606318
4445.900000;9178.043544
21166.910000;9017.536961
1020.210000;12100.611355
9177.600000;6093.963177
945.060000;4271.645035
13477.050000;11717.853326
2420.900000;-464.530664
2500.000000;17641.433980
3929.700000;10094.889130
3481.870000;7516.202136
20044.830000;7293.810064
14423.520000;6623.104982
11171.030000;6703.829344
6238.600000;14913.007746
5346.100000;45712.468770
5598.320000;6878.518441
7837.110000;6548.674083
2398.070000;1994.350711
602.250000;7108.743099
338.330000;6736.588854
9387.330000;7201.232578
3534.520000;-96773.318334
143.940000;-468.544356
249.100000;6585.097772
680.000000;4243.967031
408.330000;1961.977356
10799.240000;9215.075038
1774.880000;1950.080790
1870.100000;1959.318930
12045.120000;-4748.268951
637.930000;1851.424880
2312.110000;2008.554906
6605.900000;6505.563559
1100.000000;4242.351469
1757.470000;6722.902129
17766.620000;6768.662836
10310.710000;13556.709181
7508.840000;9069.959886
23.770000;6923.633968
999.650000;1811.035149
1433.860000;1882.412423
6863.990000;6247.096329
19404.540000;1095.456894
14728.100000;96525.666168
2968.210000;6639.461456
7820.420000;7931.821515
3418.100000;8019.040555
401.520000;4018.155017
3884.630000;8709.799296
4633.920000;6084.864167
7049.460000;7265.140892
3202.540000;2742.164144
6607.900000;-466.977646
12910.570000;891.936539
9359.050000;9984.792914
3426.620000;9268.051249
5084.080000;6754.943101
10271.420000;10177.559322
7764.260000;2364.948907
2925.300000;-6683.453836
7782.030000;4859.980661
3663.200000;8819.795006
8634.400000;9497.470528
6778.480000;9441.009345
7877.630000;11725.975663
33296.850000;11766.527983
3463.810000;6555.043906
10381.100000;8850.482895
233.200000;4416.993143
6272.390000;6604.196787
2870.610000;1575.524345
5704.450000;1987.227157
6727.400000;15131.698964
380.470000;4304.345378
3840.670000;8552.537878
9197.400000;9469.287023
6887.620000;6440.281791
5996.340000;8404.689132
431.820000;96766.222692
1754.330000;11619.016043
11974.380000;9860.554768
6573.540000;9670.819243
12522.970000;10066.993623
10909.800000;10105.418822
13886.080000;6877.082493
4132.220000;9593.494236
4144.910000;6642.014162
5255.900000;10293.083342
1182.080000;4272.650324
7800.000000;7539.198864
1297.290000;1118.850035
817.040000;6243.988483
13501.130000;11302.453637
9955.180000;5203.668306
11647.180000;10847.651219
25001.870000;2435.512216
3615.650000;6749.586975
3332.040000;6701.265888
3330.580000;8857.021432
613.740000;4599.276274
3761.970000;6585.397300
27400.740000;9861.073994
6568.890000;12416.066104
10424.420000;11809.235072
1889.470000;2951.960926
7527.450000;6547.654147
6931.710000;8715.296001
640.000000;4274.285578
3493.690000;2038.226854
7050.790000;6925.263445
10756.410000;8704.927114
6960.000000;12247.094607
11468.950000;4940.797075
3808.710000;6716.394912
6888.920000;4089.909025
6797.960000;7046.108465
13123.160000;13224.741257
9741.550000;6957.083221
13116.580000;9815.429405
2785.020000;14479.825812
5984.470000;6583.402425
6245.290000;6785.454004
9354.070000;2114.323439
5365.320000;9367.720331
3600.000000;-96773.640000
1755.150000;-96773.640000
4160.940000;6693.702938
3624.700000;8150.420887
3540.270000;4378.240226
581.280000;2451.909512
11747.070000;7007.994541
3535.390000;6931.267397
4118.140000;6391.820164
5838.880000;4714.928916
7362.210000;9586.610377
6957.480000;12651.636223
1800.000000;-13520.612684
6319.360000;-979.109988
6085.470000;6811.624448
10402.510000;9174.956520
3869.640000;6554.993688
7770.030000;7108.847140
4069.910000;11058.765710
8072.630000;12175.470636
9055.470000;-96304.431286
5472.800000;6570.783302
1400.000000;2811.600991
4354.260000;14312.799642
3627.290000;6562.931616
3804.650000;5004.900777
2674.280000;7432.935014
26471.670000;6128.575018
11442.390000;6980.583483
3654.500000;4195.419388
4814.750000;3670.221723
18441.820000;9532.889444
5715.630000;6930.629805
4363.350000;4729.039000
5651.680000;6001.778397
7720.440000;4116.964381
2642.080000;2787.235687
3679.440000;6980.718200
464.750000;3922.695586
6135.540000;15664.079236
26854.460000;-4146.174316
3602.140000;8812.268160
13004.480000;-1012.087481
5269.880000;6865.320919
2717.090000;2478.792073
5403.350000;6945.030108
19255.500000;11027.027774
4535.480000;6887.478413
5288.080000;11341.599522
17128.480000;12183.595850
48872.350000;65611.811817
3421.360000;6993.289752
6529.090000;-96773.640000
7198.840000;6940.831895
355.580000;-7054.902735
27219.140000;13427.275876
3946.570000;6982.160493
2333.980000;-2014.396885
4704.870000;5707.847515
4740.000000;8116.547725
32436.930000;12464.936888
11756.230000;12028.189089
3939.970000;3940.525421
3813.470000;-15195.001746
13731.640000;8355.361024
3110.350000;-96740.654484
4501.420000;14649.081192
2635.960000;9275.946582
10167.410000;9184.758760
3689.620000;6931.746269
4120.230000;6592.469891
8334.460000;14218.872909
10907.980000;20877.583585
1186.920000;8862.470055
2759.930000;30955.403158
10402.640000;7061.624489
12636.580000;-28270.112176
2434.820000;4168.762434
6414.380000;71944.715683
10320.000000;4939.440781
5352.490000;8409.514166
4200.000000;6885.984489
3113.180000;5001.906022
10911.800000;6008.723065
3809.340000;4734.189087
232.200000;1101.104785
7222.180000;15436.483504
1038.170000;44234.318929
12626.150000;2359.804669
17750.000000;12382.487300
14.380000;1042.508795
1500.000000;347.668141
2199.220000;648.816834
8702.250000;5422.029144
10237.550000;12788.881907
13301.000000;19264.389038
2574.890000;4067.511145
6323.220000;4748.575193
24617.700000;96759.870801
7051.050000;6654.718301
5580.540000;7052.332340
5053.130000;8436.145695
1755.220000;-5839.563357
5793.490000;7453.411741
3600.000000;6946.596299
1801.670000;7769.811005
4666.900000;6971.153492
5508.730000;5255.676687
5584.040000;6684.404375
4824.780000;9781.228608
15730.140000;10041.078200
78.600000;326.084211
310.040000;-6811.920636
12348.950000;6892.775043
4415.260000;11142.346140
580.000000;96220.799188
5407.390000;7119.829379
5513.000000;54836.068332
8929.220000;7060.233131
4943.830000;4282.059014
7019.310000;11722.894764
2138.460000;9607.820182
8372.660000;9542.371876
11098.600000;6515.175232
3774.210000;6928.117645
3941.850000;5972.767413
10179.820000;4494.644773
4906.750000;6979.319857
3505.850000;6606.407552
5735.030000;12451.181140
6037.020000;6929.933341
15952.090000;8127.800931
20534.810000;8670.131912
4564.810000;6664.511209
4852.200000;7025.446027
5196.730000;6932.853382
13333.820000;96770.554858
7672.100000;5872.203920
12136.990000;6942.982247
7064.960000;10942.462235
84.550000;4396.247278
3516.170000;6667.748794
3211.970000;788.798007
5284.420000;-1289.818776
8556.310000;96765.064948
12337.810000;7203.003413
9182.640000;2630.389020
3201.490000;6510.333591
310.160000;2473.253853
3884.750000;1096.061826
5123.800000;3512.517827
2080.240000;6690.717220
5639.330000;6550.794302
15123.760000;6664.702730
9935.220000;6906.239096
1164.950000;1597.230808
26921.410000;9155.924084
43455.060000;9792.325706
1542.310000;2083.954354
5430.060000;14253.938795
17779.500000;9847.863408
289.590000;2039.359010
34969.040000;9406.227607
10845.740000;6959.511415
4575.470000;-96704.733515
283.910000;951.252038
21171.380000;13929.311911
3085.710000;-3655.627231
589.160000;300.108735
4205.540000;3946.173397
4237.320000;2112.542096
4060.070000;5113.711669
4084.510000;14750.188865
7672.450000;6825.050014
720.260000;-13.692705
3692.760000;6712.355649
4318.710000;-2791.924714
4617.160000;6678.672760
6574.760000;6989.752483
4456.250000;6692.345085
6869.670000;6624.423306
4150.830000;10120.815624
6190.560000;3158.079603
3279.400000;6687.933204
2732.120000;7013.756347
4233.690000;5145.801060
11368.930000;9711.422510
9052.200000;7375.104226
20494.980000;6965.946353
5068.830000;9195.318370
4008.500000;6626.481606
5976.960000;5911.284732
6691.570000;-41.028359
25988.530000;14410.739361
6960.000000;6489.210912
4994.550000;6653.638946
10344.260000;9428.441590
3661.180000;6685.915890
4548.190000;6492.606810
2367.590000;6567.387281
9332.030000;6633.969653
7629.820000;9242.945135
16964.930000;10238.134708
1771.030000;147.170998
5632.190000;9868.709836
8536.960000;9050.443979
8134.870000;1628.327283
5870.020000;8683.608005
4701.860000;6498.527028
5285.810000;6670.931569
38924.040000;13114.683370
4493.110000;9237.210956
2926.590000;9253.494332
1158.010000;1021.999998
800.000000;-11076.383082
7013.290000;9279.710234
10526.310000;6805.711785
15017.000000;11769.148096
12602.940000;4639.730737
19001.240000;6047.158859
11175.300000;9017.966584
16952.220000;17408.115670
15975.380000;12062.415220
9509.090000;9384.686292
8204.250000;5899.794001
1618.970000;-1255.118299
4350.410000;8666.050361
10770.910000;9580.928722
24695.820000;15766.325173
914.390000;-18088.890709
1200.000000;6010.941137
3322.640000;6505.068994
514.400000;1748.318204
888.380000;1777.732582
20495.420000;8996.994089
13273.750000;9922.832852
9352.060000;17440.093210
7084.660000;9744.990553
2059.310000;-2780.718990
221.870000;4285.546803
1086.890000;-5721.730354
3466.550000;150.283634
26610.580000;19494.416866
8091.980000;6121.468234
3634.070000;8238.764148
5545.440000;96773.640000
3508.930000;2571.688748
12758.500000;6735.520886
3836.120000;6225.582389
2059.130000;96147.819674
4030.000000;-7709.463535
625.500000;14859.969490
9643.030000;11048.731833
17161.300000;36396.604062
2246.690000;-430.017996
374.280000;94602.676719
19479.270000;96771.766180
4016.410000;-96773.639730
5511.730000;9127.182294
978.290000;8020.616370
4212.080000;6511.108291
3236.760000;6452.528919
8340.480000;6528.534014
4924.280000;6586.971895
1723.240000;-96763.205402
6618.140000;-19101.641529
4933.120000;6923.087716
1943.450000;7016.097215
6660.000000;16125.783791
1959.210000;-27734.814073
6814.660000;14562.759825
5405.640000;12448.340300
7740.220000;10340.317983
180.200000;4368.502602
1978.020000;6860.587332
6435.370000;8603.850253
1485.750000;11494.246767
13126.520000;6970.947894
15500.000000;16240.594075
331.600000;-476.975330
5686.440000;6675.732595
3506.740000;5865.790647
6600.000000;6660.759637
3600.000000;6606.391276
10656.110000;6563.414853
2393.340000;-2133.602986
8307.960000;10052.975049
8581.790000;9037.408076
14402.260000;10279.618931
30230.770000;9392.136315
18410.420000;18739.534677
14547.570000;5541.935520
9665.340000;96773.639993
9016.190000;96770.388273
3600.000000;6759.408557
4659.910000;6597.030129
850.000000;-590.706252
10847.840000;7021.865824
1007.550000;-96773.639998
225.250000;478.187153
324.030000;1963.088766
12367.750000;-4374.670976
4195.970000;1956.963699
6648.570000;6760.395623
229.620000;1972.637414
829.210000;6717.684202
2236.210000;4279.228496
407.780000;6843.061374
600.000000;37295.264006
210.330000;20642.498889
9135.840000;6567.375764
6889.470000;11550.083373
371.810000;4249.337585
12012.490000;6991.565803
1042.630000;3046.198633
1740.000000;1740.288731
9223.420000;11313.091987
10352.510000;4598.690190
9102.110000;6934.245377
7117.610000;7063.677630
8.070000;-2570.333174
2728.170000;6586.422705
2979.180000;5942.112005
11388.350000;10959.883016
3362.940000;3879.475653
182.540000;719.361808
9013.580000;6425.829396
4924.860000;6462.647776
6108.740000;6877.213433
4677.030000;6436.988322
8980.660000;8863.523479
2696.390000;5071.445996
6615.440000;9216.605096
10350.500000;8330.852312
8831.220000;6372.850360
9197.820000;10314.389496
9392.890000;9081.135459
7412.090000;6658.764606
1500.000000;-881.447608
11225.050000;6638.068751
21928.230000;11030.417983
21433.600000;2481.494365
9031.090000;13881.671645
5453.780000;6696.842529
5755.000000;8967.716188
25740.000000;9495.107860
9664.280000;74369.317013
8249.500000;9217.778252
2136.910000;11905.760196
4679.180000;6629.689709
7841.920000;6899.064963
7073.330000;4655.681707
19513.350000;8407.258272
4805.080000;2518.276847
2282.630000;-96773.639996
5321.280000;11278.238268
9281.920000;9046.636622
2993.390000;10692.578890
7392.520000;96724.669657
6849.320000;6410.097115
3756.390000;6967.098561
6798.450000;6884.614258
7315.790000;6554.988725
