8897.480000;6151.212500
2082.670000;6150.897907
437.360000;6151.212500
14590.860000;6151.212500
8412.470000;6151.212500
5315.520000;6151.212500
8095.170000;6151.212500
2389.100000;6151.251339
9579.090000;6151.212500
8000.000000;6151.212500
13032.900000;6151.212500
7192.310000;6151.212484
6443.100000;6151.214063
135.390000;6151.212500
19497.940000;6151.212500
16030.560000;6151.212500
11275.310000;6151.212502
7415.270000;6151.212500
6360.000000;6151.212500
2612.560000;6151.212500
7606.200000;6151.261545
2118.300000;6151.212500
6235.410000;6151.212500
2766.000000;6151.212500
13272.520000;6151.212500
5577.330000;6151.212500
5572.350000;6151.212500
856.850000;6151.212500
5533.790000;6151.212509
6601.210000;6151.212500
10323.260000;6151.212500
6560.000000;6151.212500
1082.780000;6151.212500
7505.720000;6151.212500
14304.660000;6151.212500
952.700000;6151.212328
15240.870000;6151.212500
16734.140000;6151.211888
4905.890000;6151.212500
872.470000;6151.212500
15874.280000;6151.212500
8014.100000;6151.212500
937.910000;6151.212500
4985.170000;6151.212497
19682.580000;6151.214126
57177.000000;6151.212500
5553.400000;6151.212500
4449.260000;6151.287273
800.000000;6151.212500
8414.450000;6151.220034
5710.000000;6151.212500
11050.360000;6151.212500
3608.130000;6151.212500
6909.600000;6151.212500
13362.900000;6151.212500
6239.330000;6151.212297
5637.910000;6151.212297
5708.460000;6151.212503
4481.430000;6151.217655
21395.930000;6151.213047
11392.220000;6151.212507
6602.890000;6151.213352
391.870000;6151.212500
10422.960000;6151.212500
6057.290000;6151.212500
4568.330000;6151.199722
5225.120000;6151.212500
3568.560000;6151.212507
526.940000;6151.212500
9042.760000;6151.211521
2380.290000;6151.202687
4992.970000;6151.056245
3600.000000;6151.212500
5712.220000;6151.212500
20316.000000;6151.212912
6091.980000;6151.215729
362.000000;6151.212500
11314.290000;6151.212500
6505.020000;6152.301447
12631.580000;6151.212886
179.850000;6149.485373
5493.570000;6151.212500
4448.620000;6151.221135
4591.050000;6151.230336
11897.990000;6151.212500
5327.530000;6151.212500
3600.000000;6151.212500
12205.630000;6151.230396
6742.280000;6151.215827
2365.020000;6151.212500
14718.940000;6151.216075
4787.990000;6151.272250
71612.230000;6151.212500
11751.870000;6151.212500
123.090000;6151.212500
17094.280000;6151.212500
8527.530000;6151.212500
20497.810000;6151.212500
1441.890000;6151.229065
1792.860000;6151.212500
11138.800000;6151.212500
565.240000;6151.212500
8349.060000;6151.212500
6030.910000;6151.212500
5297.600000;6151.212617
5142.790000;6151.212511
525.450000;6151.179933
4431.080000;6151.212492
9067.680000;6151.822378
17116.540000;6151.212500
819.740000;6151.212500
19783.690000;6151.212500
5580.080000;6151.212501
10798.750000;6151.212500
12857.310000;6151.212881
12654.580000;6151.212500
3904.330000;6151.212500
11806.150000;6151.212500
3512.110000;6151.212500
457.450000;6151.212500
26584.330000;6151.212504
14873.060000;6151.212500
6512.480000;6151.212500
538.690000;6151.212522
761.560000;6151.212500
2216.350000;6151.212500
4459.890000;6151.212500
2506.380000;6151.212500
4924.100000;6151.212665
4301.860000;6151.212500
829.110000;6151.212500
2314.310000;6151.212500
1600.000000;6151.212500
2301.670000;6151.212500
26721.550000;6151.212500
5798.650000;6151.212499
2878.220000;6151.212500
9611.750000;6151.216644
14117.800000;6151.210259
3600.000000;6151.212500
679.850000;6151.212500
3649.210000;6151.212500
3505.850000;6151.212500
3647.000000;6151.213054
1164.810000;6151.213286
3502.940000;6151.212500
3505.850000;6151.212500
442.820000;6151.212500
771.750000;6151.212500
6111.710000;6151.212500
5353.050000;6151.212500
29299.020000;6151.703016
13320.000000;6151.909632
19084.300000;6151.212500
2985.770000;6151.212500
9258.250000;6151.324051
7796.270000;6151.436797
11800.280000;6151.212500
10808.720000;6151.212515
12576.490000;6151.217844
3600.000000;6151.212500
662.780000;6151.212496
4599.540000;6151.212751
3726.950000;6150.951642
5655.200000;6151.212500
4041.700000;6151.212500
548.610000;6151.212499
4741.050000;6151.212500
9066.360000;6150.695800
1523.860000;6151.212500
16008.160000;6151.212500
3324.320000;6151.212500
34264.260000;6151.212500
4206.750000;6151.214273
21402.240000;6151.212500
7301.730000;6151.223434
6457.260000;6151.212500
7125.640000;6151.212500
1895.030000;6151.212500
5535.410000;6151.212506
860.090000;6151.212509
4633.920000;6151.212500
12728.670000;6151.212507
7160.350000;6151.211840
632.370000;6151.212500
144.120000;6151.212500
14420.670000;6151.212500
6923.840000;6151.212500
5465.880000;6151.428876
4235.660000;6151.212511
13608.290000;6151.212283
7363.980000;6151.212453
7138.730000;6151.212500
6733.600000;6151.223387
1529.410000;6151.212500
16911.350000;6151.212500
12259.340000;6151.212500
5468.300000;6151.212500
10218.180000;6151.212500
2493.380000;6151.212500
12551.190000;6151.212500
10215.120000;6151.212563
7727.660000;6151.212906
6643.300000;6151.212500
13257.870000;6151.212500
2172.150000;6151.215993
11790.800000;6151.212500
4344.910000;6151.212718
7240.820000;6151.212500
5162.260000;6151.212500
3588.040000;6151.212500
33080.950000;6151.212500
42504.130000;6151.212502
5272.660000;6151.212500
29957.430000;6151.212500
1901.020000;6150.400416
407.740000;6151.073212
30765.960000;6151.290131
13371.060000;6151.218430
2257.680000;6151.212500
3791.540000;6151.212500
4237.400000;6151.212500
8422.760000;6151.212500
2435.690000;6151.212500
13568.670000;6151.212500
2738.360000;6151.212500
33310.230000;6151.212500
3030.630000;6151.212500
1412.620000;6151.212500
3913.880000;6151.212500
3736.550000;6151.212500
15277.270000;6151.275924
8929.250000;6151.212644
25.460000;6151.212500
21052.630000;6151.212500
1036.320000;6151.212500
4074.680000;6151.212501
2500.000000;6151.212500
14033.120000;6151.212500
3101.830000;6151.212500
1912.090000;6151.212500
4830.140000;6151.212500
4584.110000;6151.212500
14003.290000;6151.213244
3713.480000;6151.219141
11388.000000;6151.212526
5302.840000;6151.357235
7993.410000;6151.213239
15802.730000;6151.212500
13624.950000;6151.212500
13079.520000;6151.212500
8.780000;6151.212500
5521.730000;6151.212500
8688.000000;6151.212500
6447.930000;6151.229834
877.410000;6151.212500
8048.400000;6151.212500
13777.060000;6151.212633
7897.670000;6151.212500
6539.800000;6151.212322
1402.910000;6151.212500
6010.510000;6151.212054
21217.690000;6151.212492
2748.490000;6151.212500
30048.510000;6151.212500
3467.080000;6151.582957
16111.650000;6151.212500
8406.220000;6151.212501
9586.560000;6151.212500
5110.740000;6151.212500
1071.570000;6151.212500
1808.510000;6151.212500
3914.650000;6151.212500
9387.840000;6151.212500
9748.240000;6151.212496
1613.770000;6151.212500
3907.610000;6151.213120
3605.300000;6151.331822
665.340000;6151.212500
5512.760000;6151.212500
7970.400000;6151.212500
1861.410000;6151.212500
8911.560000;6150.994995
9208.930000;6151.711465
4162.010000;6151.212500
6063.120000;6151.213392
4050.270000;6151.212745
7837.180000;6151.212500
1829.160000;6151.212500
1768.780000;6151.212500
1564.050000;6151.212500
4978.290000;6151.212500
4630.680000;6151.526026
8833.710000;6151.212500
120.530000;6150.999150
120.530000;6151.211939
502.440000;6150.020335
3726.600000;6151.212500
67.450000;6151.212500
1640.700000;6151.212500
14763.150000;6151.212500
2415.830000;6151.212500
2942.470000;6151.212500
7207.100000;6151.212620
4493.690000;6151.240839
6952.300000;6151.212500
763.550000;6151.212500
688.140000;6151.212500
11420.630000;6151.212500
7962.080000;6151.219381
6454.120000;6151.389986
6547.340000;6151.212500
1758.900000;6151.212500
21329.190000;6151.213324
9032.180000;6151.224634
1378.570000;6151.212391
13919.780000;6151.212500
2107.540000;6151.212516
13058.250000;6151.212500
15612.230000;6151.212500
2238.610000;6151.212500
1013.670000;6151.212498
7626.600000;6151.213254
4855.710000;6151.212500
1594.590000;6151.212500
1440.760000;6151.215287
4091.430000;6151.212500
468.720000;6151.212500
3058.390000;6151.212500
463.390000;6151.212500
200.000000;6151.212500
6420.820000;6151.216812
8416.340000;6151.212500
625.230000;6151.212500
1828.740000;6151.212436
8744.980000;6151.212500
9432.260000;6151.212500
3449.430000;6151.212500
4847.220000;6151.212501
8856.530000;6151.212670
5926.670000;6151.212500
4197.870000;6151.212500
2767.520000;6151.212500
6.030000;6151.212500
8419.110000;6151.212500
573.180000;6151.212500
876.460000;6151.212500
3505.850000;6151.212500
9800.830000;6151.212497
3421.420000;6151.193360
2500.000000;6151.212500
8810.190000;6151.212500
979.060000;6151.212500
14699.800000;6151.212500
7583.740000;6151.212500
17391.100000;6151.212500
13356.370000;6151.212500
7601.520000;6151.379282
4210.120000;6151.212500
9425.700000;6151.212500
7731.840000;6151.212500
81.710000;6151.212500
7567.790000;6151.212500
14925.710000;6151.212500
80.200000;6151.212500
8327.900000;6151.212198
4911.230000;6151.212198
8012.910000;6151.212499
4286.940000;6151.216934
3717.830000;6151.213131
5400.840000;6151.213669
2332.100000;6151.212500
5164.750000;6151.212500
15819.500000;6151.212500
7857.580000;6151.212500
9105.170000;6151.212500
13261.400000;6151.212500
16169.430000;6151.212500
10574.270000;6151.210171
1326.580000;6151.212500
3415.400000;6151.212500
8148.580000;6151.212500
4533.440000;6151.212500
3016.330000;6151.212500
9624.050000;6151.212500
5182.200000;6151.212500
4925.430000;6151.212500
7996.470000;6151.212500
3856.570000;6151.212505
6080.730000;6151.212500
1051.930000;6151.212500
2617.310000;6151.212500
618.220000;6151.212500
10910.250000;6151.212511
19324.540000;6151.212517
6252.320000;6151.212579
19613.380000;6151.212500
17750.840000;6151.212500
12681.550000;6151.203206
10681.280000;6151.212500
7797.840000;6151.212509
19428.820000;6151.212500
2170.240000;6151.154987
9561.030000;6151.250284
4843.630000;6151.212459
5618.920000;6151.212500
2745.170000;6151.212500
7738.560000;6151.488585
3991.390000;6151.212500
1909.100000;6151.212500
6911.270000;6151.212500
5512.360000;6151.212500
10297.460000;6151.060858
6689.280000;6151.005404
4344.880000;6151.212500
4524.090000;6151.212500
8899.740000;6151.212500
2791.940000;6151.212500
32791.840000;6151.212531
7103.570000;6151.213016
10492.140000;6151.212500
7785.190000;6151.212500
5556.820000;6151.212500
13929.650000;6151.212500
4189.350000;6151.213603
2151.330000;6151.205599
2601.640000;6151.212500
3287.130000;6151.212500
4124.420000;6151.212500
6308.990000;6150.679039
4921.990000;6151.212500
13730.110000;6151.212500
5281.700000;6150.973953
3243.740000;6151.212500
565.780000;6151.212500
231.700000;6151.212500
6672.690000;6151.212500
5095.470000;6151.310744
3120.000000;6151.214346
3240.000000;6151.212500
10167.820000;6151.212516
9265.000000;6151.212319
5622.360000;6151.212500
8634.650000;6151.212500
4101.250000;6151.212500
168.690000;6151.212500
10708.280000;6151.212500
6972.390000;6151.212500
9600.000000;6151.212500
7476.480000;6151.325850
4054.610000;6151.212500
6662.570000;6151.226025
406.840000;6151.212494
5048.160000;6151.397507
3495.710000;6151.212500
3495.710000;6151.212500
8373.510000;6151.212500
9059.530000;6151.212500
24617.700000;6151.212500
2859.990000;6151.212500
7931.120000;6151.215344
4143.080000;6151.394015
10046.850000;6151.212500
7498.220000;6151.212500
9211.390000;6151.212500
887.000000;6151.212500
7574.560000;6151.200649
6587.080000;6151.212500
7194.180000;6151.212500
4440.090000;6151.212500
800.000000;6151.212500
4344.300000;6151.212500
9080.880000;6151.212500
4900.170000;6151.212324
5862.260000;6151.212224
9456.220000;6151.216062
10630.360000;6151.212500
4558.970000;6151.212500
672.850000;6151.212500
10485.500000;6151.212500
5285.480000;6151.414358
1896.500000;6151.153970
6888.240000;6151.213870
14919.660000;6151.709089
3859.380000;6151.212500
2810.760000;6151.212500
8168.560000;6151.212489
100.000000;6151.212500
1644.050000;6151.212500
464.000000;6151.212499
8265.600000;6151.212518
1910.180000;6151.212500
5730.400000;6151.212500
420.250000;6151.212807
7037.150000;6151.212500
6801.510000;6151.212500
7238.680000;6151.225669
6756.030000;6151.212500
1095.880000;6151.212500
1464.310000;6151.212499
2910.070000;6151.212500
8400.000000;6151.400691
3522.850000;6151.212500
4834.190000;6151.212500
12940.480000;6151.212500
804.060000;6151.212500
100.000000;6151.212500
1216.630000;6151.212500
1371.350000;6151.212500
4226.500000;6151.212500
25488.220000;6151.212500
5598.090000;6151.212500
4007.170000;6151.212500
2141.870000;6151.212500
5834.140000;6151.212500
2913.910000;6151.212563
4143.000000;6151.212621
8872.130000;6151.213193
3489.360000;6151.456891
9828.860000;6151.212500
6787.050000;6151.212500
856.860000;6151.212500
86.890000;6151.212500
5800.000000;6151.212615
5616.580000;6151.212500
7889.610000;6151.212500
4807.890000;6151.109479
3019.290000;6151.378244
15719.100000;6151.212500
3833.440000;6151.212500
8791.260000;6151.212500
9147.940000;6151.212500
8025.040000;6151.212500
3430.030000;6151.212477
4148.440000;6151.212477
357.750000;6151.212500
3913.080000;6151.220635
5657.970000;6151.212500
1247.940000;6151.212465
10602.520000;6151.214840
5883.030000;6151.213082
6451.510000;6151.212500
3956.950000;6151.212500
7382.160000;6151.212500
7344.140000;6151.192240
6234.020000;6151.217460
5536.610000;6151.212500
4860.000000;6151.212500
7294.000000;6151.212500
9375.720000;6151.212500
1622.890000;6151.212500
16859.640000;6151.229255
3359.590000;6151.246246
1014.830000;6151.223349
499.920000;6151.212500
2761.490000;6151.210677
5637.290000;6151.215196
11258.280000;6151.215196
7367.790000;6151.212500
3199.150000;6151.212500
4200.000000;6151.212500
4000.000000;6151.212500
9457.410000;6151.212500
10188.730000;6151.212500
11610.580000;6151.212500
7119.920000;6151.501687
6455.310000;6151.212501
3547.690000;6151.212500
7949.780000;6151.212500
7415.660000;6151.423908
9236.470000;6151.215057
7152.350000;6151.212500
2999.840000;6151.212500
3504.580000;6151.212500
13095.570000;6151.212500
5069.150000;6151.212500
4138.200000;6151.212500
2782.920000;6151.210268
7080.750000;6151.530655
436.180000;6151.211100
13585.440000;6151.253417
1593.620000;6151.212500
8396.730000;6151.212500
6002.550000;6151.229122
4437.540000;6151.212500
6690.810000;6151.215404
4653.090000;6151.212503
753.740000;6151.212500
2949.000000;6151.212499
718.890000;6151.212500
3827.970000;6151.212500
8300.000000;6151.212500
6482.010000;6151.212500
4144.330000;6151.212500
6640.340000;6151.212500
871.390000;6151.212500
320.000000;6151.212500
10896.720000;6151.216584
12880.060000;6151.212500
4016.700000;6151.212500
4186.590000;6151.212500
6667.070000;6151.316704
319.200000;6151.209369
3869.240000;6151.212500
15968.960000;6151.212500
6798.980000;6151.212504
12000.000000;6151.212503
4868.370000;6151.212500
5105.020000;6151.212500
2635.830000;6151.212500
5134.600000;6151.212500
3600.000000;6151.212500
6668.810000;6151.212500
4512.000000;6151.212500
9081.550000;6151.212500
3675.230000;6151.212500
5368.890000;6151.212500
3592.300000;6151.212500
3480.000000;6151.212501
3763.520000;6151.212500
13930.090000;6151.205994
9323.830000;6151.212196
11091.020000;6151.229432
1152.880000;6151.212500
3703.820000;6151.212500
1608.780000;6151.212500
22511.750000;6151.212509
5182.060000;6152.117512
2638.130000;6151.212500
11697.140000;6151.212500
6609.590000;6151.212500
3564.490000;6151.254809
6127.890000;6151.213436
8930.970000;6151.212502
5859.760000;6151.212500
9230.700000;6151.324545
1748.850000;6151.210191
6567.050000;6151.212500
8313.970000;6151.212500
14598.400000;6151.212500
3903.550000;6151.212500
321.900000;6151.212500
4110.590000;6151.212476
924.030000;6151.212500
6753.160000;6151.359238
4123.850000;6150.968465
9117.710000;6151.212500
6826.540000;6151.212500
7685.880000;6151.212500
2384.190000;6151.212500
4557.330000;6151.212500
17190.600000;6151.619739
3943.740000;6151.212500
7864.640000;6151.212500
250.000000;6151.212500
12530.350000;6151.212500
19806.920000;6151.212500
6000.000000;6151.212500
9193.730000;6151.212823
6765.760000;6151.212500
8272.690000;6151.212500
4014.570000;6151.212500
15191.880000;6151.212500
9350.660000;6151.212500
1164.670000;6151.212550
4598.190000;6151.212500
7740.740000;6151.263867
7170.260000;6151.008684
4507.840000;6151.216913
3150.940000;6151.212500
846.900000;6151.212500
3989.960000;6151.232998
13064.300000;6151.212500
1200.000000;6151.212500
2204.300000;6151.212500
337.200000;6151.212500
6903.750000;6151.212500
9748.510000;6151.212500
563.530000;6151.212499
5280.000000;6151.212500
5692.080000;6151.212499
350.850000;6151.212500
27697.850000;6151.212500
1873.570000;6151.212500
2300.000000;6151.188913
551.700000;6151.212500
505.180000;6151.212500
5142.550000;6151.212500
5259.730000;6151.212500
3672.220000;6151.251831
3787.350000;6151.212500
24701.670000;6151.212500
41078.480000;6151.212500
4725.810000;6151.212500
12484.570000;6152.448750
9825.670000;6151.221058
6693.740000;6151.212545
3500.000000;6151.212500
3864.410000;6151.212500
250.000000;6151.212500
429.210000;6151.212500
478.210000;6151.212500
5163.250000;6151.212500
6401.270000;6151.959744
19433.760000;6151.212500
18053.110000;6151.212503
5611.570000;6151.212500
1490.280000;6151.230733
6887.980000;6150.968636
4419.930000;6151.212500
6849.710000;6151.212501
3791.790000;6151.212500
3163.950000;6151.212500
6009.880000;6151.295329
9188.880000;6152.195775
27.840000;6150.956280
4065.020000;6151.212570
19601.160000;6151.214918
8244.810000;6151.213675
8085.340000;6151.118484
3480.000000;6151.212500
4452.950000;6151.212500
4624.320000;6151.212500
232.650000;6151.212500
6551.500000;6151.212518
13060.020000;6151.212500
7939.300000;6151.212500
4254.830000;6151.212500
1401.480000;6151.212500
1854.720000;6151.212500
6066.740000;6151.212500
3527.630000;6151.212359
21782.320000;6151.597908
10388.210000;6151.212500
695.090000;6151.212500
3783.270000;6151.216925
12978.410000;6151.212500
2222.880000;6151.085294
12592.000000;6151.212500
41234.040000;6151.212501
11273.840000;6151.212500
2184.790000;6151.212500
1155.900000;6151.212500
10224.020000;6151.269943
9706.600000;6151.457352
3087.900000;6151.207162
6827.500000;6151.212500
1147.830000;6151.212500
9016.110000;6151.212500
4042.610000;6151.212500
4219.760000;6151.212499
4935.260000;6151.212500
4449.850000;6151.212500
7539.930000;6151.212521
509.890000;6151.212500
16105.810000;6151.213970
700.790000;6151.212500
34309.940000;6151.212504
709.260000;6151.028616
6897.610000;6151.212494
53854.610000;6151.212500
351.020000;6151.212500
6338.130000;6151.212500
8716.090000;6151.212500
4380.000000;6151.212500
23684.210000;6151.212500
4085.410000;6151.212500
1058.250000;6151.212500
5792.170000;6151.212507
4564.370000;6151.212500
4920.000000;6151.212500
746.720000;6151.212500
14676.340000;6151.212500
5688.960000;6151.212500
5396.460000;6151.212500
1574.020000;6151.212500
14599.320000;6151.212500
4648.250000;6151.212500
9041.490000;6151.252521
3795.520000;6151.212500
12972.130000;6151.212500
10440.000000;6151.209803
617.510000;6151.212500
28726.360000;6151.212500
4154.930000;6151.212501
1754.050000;6151.212500
6002.510000;6151.212500
6338.820000;6151.212500
4478.660000;6151.614928
3739.860000;6151.215885
444.530000;6151.212500
8524.540000;6151.212500
7977.050000;6151.212539
3477.760000;6151.212500
27396.240000;6151.212500
6779.790000;6151.192659
3518.980000;6151.216079
6406.380000;6151.212500
10860.580000;6151.212500
47874.000000;6151.213458
9162.820000;6151.212601
6469.840000;6151.212500
8930.700000;6151.212500
3560.890000;6151.212500
6784.250000;6151.212500
19981.850000;6151.212721
17437.030000;6151.212721
1876.830000;6151.212500
6849.550000;6151.423266
4080.740000;6151.212500
3840.000000;6151.212496
4200.000000;6151.212500
3697.480000;6151.212500
4442.140000;6151.212500
12150.510000;6151.212500
8094.900000;6151.212500
2124.700000;6151.212500
4882.730000;6151.347220
4900.130000;6151.212500
9012.660000;6151.226403
2669.150000;6151.212500
435.000000;6151.212500
11000.030000;6151.212734
6600.000000;6151.212500
3620.100000;6151.212499
3457.180000;6151.213931
34839.410000;6151.212500
14040.000000;6151.212500
4246.370000;6151.212500
1478.510000;6151.212324
3800.870000;6151.212500
6672.210000;6151.789508
5506.370000;6151.212784
4283.020000;6151.212500
8487.000000;6151.212500
2668.210000;6151.212000
11625.550000;6151.212742
3504.550000;6151.212500
4391.850000;6151.212500
3146.400000;6151.212500
919.350000;6151.212500
2241.080000;6151.212499
3200.000000;6151.212500
3378.570000;6151.212500
48954.150000;6151.236548
6862.150000;6151.212500
4822.200000;6151.212500
1282.130000;6151.212500
6845.200000;6151.212500
11922.100000;6151.212500
5990.780000;6151.217441
397.840000;6151.212520
6871.650000;6151.212500
4933.630000;6151.212500
6516.890000;6151.212500
5126.130000;6151.212500
5824.560000;6151.212500
8663.700000;6151.212500
12114.400000;6151.212500
7578.210000;6151.212500
9812.800000;6151.212500
9758.140000;6151.212500
8197.520000;6151.212500
6057.290000;6151.212500
24330.570000;6151.212500
10877.690000;6151.212500
302.210000;6151.212429
340.970000;6150.330588
63.720000;6151.212500
557.930000;6151.212500
9435.030000;6151.212500
1479.860000;6151.212500
3941.610000;6151.212500
10680.740000;6151.212500
24679.690000;6151.212500
10256.000000;6151.212500
10376.000000;6151.212500
14224.080000;6151.212500
8683.930000;6151.212500
22482.870000;6151.212500
23084.470000;6151.212500
407.380000;6150.886959
163.200000;6151.212500
12075.040000;6151.212500
2683.260000;6151.212500
94.780000;6151.212500
1862.640000;6151.212500
15352.130000;6151.212500
7673.710000;6151.212500
5315.620000;6151.206807
9815.030000;6151.212500
66243.660000;6151.212500
53273.120000;6151.212500
16267.310000;6151.212500
34324.370000;6151.212500
5690.430000;6151.212500
13989.430000;6151.212500
5999.840000;6151.212500
155.110000;6151.212500
1563.540000;6151.212500
8688.460000;6151.212500
6853.330000;6151.212500
13317.510000;6151.212500
4266.500000;6151.212500
1560.990000;6151.212500
975.750000;6151.212500
6512.050000;6151.212509
8005.720000;6151.212500
1142.810000;6151.212500
3600.000000;6151.212500
11524.150000;6151.212630
3930.130000;6151.213044
3776.260000;6151.212500
17179.200000;6151.212500
4464.430000;6151.253864
1392.790000;6151.212500
9503.020000;6151.225598
372.690000;6151.212500
14417.100000;6151.212500
11203.040000;6151.212500
8408.660000;6151.212418
1386.510000;6151.212500
3390.000000;6151.212500
8486.670000;6151.213612
7231.310000;6151.212889
4833.290000;6151.212500
19242.060000;6151.212500
12306.730000;6151.212500
1745.440000;6151.212500
1303.290000;6151.212500
5014.230000;6151.361104
5555.050000;6151.212500
12711.650000;6151.766637
3029.450000;6151.457134
494.200000;6149.352693
4689.570000;6151.212499
10917.280000;6151.212500
2964.570000;6151.212500
6921.000000;6151.212500
16247.540000;6151.212500
12566.600000;6151.212500
4496.350000;6151.212500
2312.470000;6151.212500
1044.130000;6151.212500
3495.710000;6151.212500
1519.540000;6151.212637
9515.950000;6151.212500
6791.400000;6151.212500
4749.990000;6151.206235
10973.600000;6151.212500
7704.780000;6151.212500
6566.400000;6151.212500
3741.280000;6151.212500
8341.080000;6151.212500
16311.540000;6151.212500
33427.710000;6151.212500
5974.350000;6151.212500
10365.980000;6151.212500
14407.250000;6151.212500
12296.000000;6151.212500
3147.800000;6151.212500
2369.850000;6151.212500
7721.650000;6151.212500
10720.160000;6151.212501
15864.120000;6151.250803
6263.720000;6151.678669
4681.920000;6151.554023
10693.820000;6151.212500
3711.960000;6151.212500
5058.680000;6151.212500
6662.540000;6151.212500
6893.530000;6151.212500
7715.710000;6151.212500
14277.890000;6151.212500
11000.790000;6151.212508
10497.220000;6151.212500
11265.590000;6151.212500
18612.240000;6151.212500
15812.650000;6151.212500
3401.900000;6151.212500
23643.290000;6151.212500
9422.030000;6151.212500
1616.700000;6151.212500
9532.640000;6151.212500
18166.240000;6151.212500
6220.950000;6151.212500
5232.410000;6151.212500
7712.900000;6151.212500
12699.710000;6151.212500
5908.250000;6151.212500
18691.560000;6151.212500
7842.100000;6151.212500
3727.200000;6151.212500
6518.450000;6151.212500
5647.530000;6151.212500
12133.040000;6151.212500
10688.480000;6151.212500
726.800000;6151.212500
4407.040000;6151.212500
2088.610000;6151.212500
615.650000;6151.212500
5330.710000;6151.212553
4200.000000;6151.212500
4063.640000;6151.212500
3779.250000;6151.212500
7808.070000;6151.212500
9012.220000;6151.212500
9529.160000;6151.212500
306.140000;6151.212500
3105.840000;6151.212500
6866.830000;6151.212500
5492.380000;6151.212500
19662.670000;6151.212500
11074.760000;6151.212500
4174.040000;6151.212500
6106.250000;6151.212500
1719.530000;6151.212491
8769.660000;6151.212500
836.740000;6151.212500
483.160000;6151.212500
27943.350000;6151.212500
2205.000000;6151.212500
1916.040000;6151.212500
4175.450000;6151.212500
750.000000;6151.212500
515.380000;6151.212500
6811.420000;6151.210899
2021.920000;6151.212500
2178.820000;6151.212500
36287.960000;6151.212500
4759.470000;6151.212500
2992.390000;6151.212500
5669.810000;6151.212500
3766.470000;6151.211642
3798.550000;6151.212500
7741.360000;6151.436392
5143.940000;6151.212503
9579.690000;6151.212500
96767.610000;6151.212500
4851.440000;6151.212500
3022.680000;6151.212500
343.380000;6151.210267
438.060000;6151.211912
4693.890000;6151.214176
6752.110000;6151.047670
2556.160000;6151.212500
4213.560000;6151.212500
8468.650000;6151.212500
10245.280000;6151.212500
3833.890000;6151.212500
10016.520000;6151.212500
700.000000;6151.212500
9070.990000;6151.212500
322.610000;6151.212500
389.220000;6151.208528
6443.870000;6151.212500
1381.070000;6151.212500
1809.020000;6151.212500
2380.000000;6151.212495
19110.970000;6151.212500
3472.980000;6151.212500
4086.380000;6150.504411
649.090000;6151.212481
3718.000000;6151.212500
3624.420000;6151.212500
3418.420000;6151.215923
4527.450000;6151.287283
311.980000;6151.212500
68497.720000;6151.212500
1089.470000;6151.212500
10.000000;6151.212500
668.930000;6151.212500
5268.910000;6151.212500
1720.000000;6151.212500
6702.660000;6151.212500
4690.370000;6151.395922
3252.950000;6151.213192
8379.540000;6151.212499
3103.610000;6151.212500
673.900000;6151.211960
425.930000;6151.212500
15867.340000;6151.212500
4558.040000;6151.212576
4429.730000;6151.212500
1417.560000;6151.212500
998.250000;6151.212500
4560.000000;6151.547037
2750.380000;6151.215137
3386.670000;6151.312893
1118.520000;6151.200738
555.500000;6151.212500
5017.820000;6151.212500
11750.620000;6151.203830
1397.900000;6151.212500
24348.920000;6151.212500
30.000000;6151.212500
57.590000;6150.421480
2715.170000;6151.212500
5236.250000;6151.212487
168.300000;6150.810404
3490.410000;6151.212500
1651.560000;6151.212495
8095.680000;6151.212500
5433.640000;6151.212500
9065.430000;6151.212500
15613.540000;6151.212500
21148.490000;6151.221431
4765.190000;6151.212500
7132.450000;6151.316800
712.740000;6151.212500
10803.140000;6151.292381
3706.000000;6151.212702
1800.000000;6150.974222
4147.100000;6151.093536
439.650000;6151.212500
6641.260000;6151.216458
3337.990000;6151.212642
10095.040000;6151.216544
5502.780000;6151.212500
9171.720000;6151.212500
4800.000000;6151.238554
7862.250000;6151.233091
4036.740000;6151.316131
5792.400000;6151.212500
5204.050000;6151.212500
2884.960000;6151.211933
1318.680000;6151.212500
4661.230000;6151.249101
5788.980000;6151.222325
15895.180000;6151.212500
1753.360000;6151.212500
3703.590000;6151.212393
4807.490000;6151.218403
10039.830000;6151.212500
1037.600000;6151.212500
13122.430000;6151.670473
633.260000;6151.212496
2268.990000;6151.212500
2102.710000;6151.212499
12832.070000;6151.212500
3806.320000;6151.212500
2896.200000;6151.212500
37742.850000;6151.211395
16297.760000;6151.212954
14549.350000;6151.212524
13379.330000;6151.212448
1577.660000;6151.211924
6428.180000;6151.212604
8615.950000;6152.111292
10218.180000;6151.249283
3024.330000;6151.378641
27069.020000;6151.214186
17109.880000;6151.213659
1574.420000;6151.212500
2106.710000;6151.215789
6096.330000;6151.220260
5290.380000;6151.227507
2533.030000;6151.212613
9344.640000;6151.206848
4554.590000;6151.212297
6640.510000;6151.212533
503.460000;6151.211822
1761.560000;6150.908332
2053.110000;6151.212500
8172.800000;6151.598802
8904.760000;6150.886167
24538.630000;6151.212500
4777.750000;6151.230698
8676.670000;6151.251636
1752.930000;6151.212503
4010.830000;6151.404454
4392.940000;6151.287438
12583.870000;6151.608508
10184.040000;6151.200410
4489.440000;6151.213891
5831.840000;6151.750867
341.200000;6151.212500
1023.520000;6151.212499
723.500000;6151.212500
888.950000;6151.212500
15974.670000;6151.421544
14356.770000;6151.450821
4383.330000;6151.350047
9713.870000;6151.212500
6967.320000;6151.212500
298.850000;6151.212500
7272.070000;6152.230700
6033.510000;6151.945597
11165.330000;6151.576063
11462.780000;6151.212761
6371.640000;6151.212500
3373.290000;6151.212500
17367.440000;6151.216291
7259.920000;6151.212500
9850.000000;6151.212501
74592.570000;6151.212500
26331.960000;6151.208308
808.610000;6151.160320
13722.490000;6151.186476
11016.390000;6151.213255
7777.390000;6151.212855
5113.960000;6151.233433
3521.940000;6151.212508
1895.610000;6150.911140
8847.700000;6151.266252
7026.740000;6152.120482
305.780000;6151.212500
8893.560000;6151.217712
17392.270000;6151.182813
8120.390000;6151.540416
3451.290000;6151.212500
2570.380000;6151.212500
5523.910000;6151.563368
9376.740000;6151.212621
5782.160000;6152.170384
6543.310000;6151.212500
3459.090000;6151.212500
1195.280000;6150.612627
2523.870000;6151.212500
13832.250000;6151.231962
3895.510000;6151.341429
17192.800000;6151.315613
3639.250000;6151.212500
15565.860000;6151.212500
7174.230000;6151.231652
16417.080000;6151.231673
5224.200000;6151.212523
12850.100000;6151.213356
100.000000;6151.201300
7659.410000;6151.212500
5882.180000;6151.212500
6411.100000;6151.061164
5095.000000;6151.212500
7709.440000;6151.212506
3526.880000;6151.212507
8294.470000;6151.212500
8224.140000;6151.212500
3812.790000;6151.212396
5512.000000;6151.212500
58513.530000;6151.212500
6486.180000;6151.213318
8956.290000;6151.237381
2177.650000;6151.212500
13948.020000;6151.227251
3720.000000;6151.532676
6821.280000;6151.212500
2073.950000;6150.554709
3984.260000;6151.212500
9263.990000;6151.108386
4630.420000;6151.212502
3948.670000;6151.212952
418.940000;6151.174376
1137.270000;6151.212500
15657.360000;6151.212741
7458.720000;6151.212518
3406.680000;6151.222802
32023.450000;6151.212500
2348.660000;6151.212500
1709.060000;6151.212500
2896.200000;6151.212500
4548.000000;6151.210865
5128.060000;6151.965346
3591.170000;6151.212885
5042.590000;6151.212500
7773.800000;6151.212500
313.270000;6151.212500
4285.690000;6151.212500
3680.960000;6151.212504
7298.420000;6151.022159
7800.000000;6151.215235
7724.940000;6151.212500
2117.640000;6151.212500
7506.790000;6151.212500
20289.990000;6151.212500
3702.090000;6151.212500
4259.740000;6151.212494
6927.130000;6151.212512
5821.660000;6151.212500
21560.390000;6151.212683
7764.560000;6151.212599
4102.920000;6151.205372
4375.590000;6151.184211
8260.360000;6152.052608
8203.590000;6151.212500
2174.860000;6151.212500
13085.260000;6151.290957
6484.190000;6151.212501
8512.990000;6151.212277
7287.700000;6151.233867
9918.790000;6151.226698
5231.760000;6151.213909
4680.000000;6151.212500
5200.000000;6151.454398
4687.470000;6151.212500
4280.000000;6151.212500
1300.000000;6151.212500
15305.290000;6151.212519
260.430000;6151.212500
6592.650000;6151.212500
15822.830000;6151.212499
11578.410000;6151.212500
14429.520000;6151.212500
9465.550000;6151.212523
320.060000;6151.212500
4126.330000;6151.212500
5405.730000;6151.291630
3505.850000;6151.212500
1752.930000;6151.212500
7383.940000;6151.313805
1098.720000;6151.212500
5327.150000;6151.219864
6889.470000;6151.215115
4046.280000;6151.251410
3931.610000;6151.212500
9719.810000;6151.212502
4727.330000;6151.212499
7015.030000;6151.212500
930.860000;6151.212497
881.700000;6151.212501
2742.240000;6151.212500
1292.910000;6151.212500
8081.390000;6151.212519
8688.600000;6151.212500
8553.830000;6151.212505
5383.030000;6151.225125
4358.140000;6151.212500
3544.120000;6151.212515
3675.320000;6151.211421
1752.930000;6151.226509
10197.490000;6151.212500
7470.380000;6151.214538
4445.900000;6151.215177
21166.910000;6151.212500
1020.210000;6151.212500
9177.600000;6151.212500
945.060000;6151.212457
13477.050000;6151.212500
2420.900000;6151.212500
2500.000000;6151.212500
3929.700000;6151.505826
3481.870000;6151.212500
20044.830000;6151.212500
14423.520000;6151.385871
11171.030000;6151.687089
6238.600000;6151.471812
5346.100000;6151.212500
5598.320000;6151.212998
7837.110000;6151.212500
2398.070000;6151.212500
602.250000;6151.212500
338.330000;6151.212477
9387.330000;6151.212500
3534.520000;6151.212538
143.940000;6151.212500
249.100000;6151.212500
680.000000;6151.212429
408.330000;6151.212500
10799.240000;6151.212500
1774.880000;6151.212500
1870.100000;6151.212500
12045.120000;6151.212500
637.930000;6151.212500
2312.110000;6151.202943
6605.900000;6151.212500
1100.000000;6151.186832
1757.470000;6151.363825
17766.620000;6151.263365
10310.710000;6151.212506
7508.840000;6151.212500
23.770000;6151.211878
999.650000;6151.211405
1433.860000;6151.212500
6863.990000;6151.291961
19404.540000;6151.212500
14728.100000;6151.212500
2968.210000;6151.268627
7820.420000;6151.212500
3418.100000;6151.340871
401.520000;6151.060688
3884.630000;6151.220415
4633.920000;6151.212500
7049.460000;6151.212601
3202.540000;6151.212500
6607.900000;6151.212500
12910.570000;6151.212500
9359.050000;6151.212500
3426.620000;6151.212570
5084.080000;6151.287043
10271.420000;6151.212501
7764.260000;6151.212387
2925.300000;6151.211733
7782.030000;6151.212609
3663.200000;6151.214708
8634.400000;6151.392044
6778.480000;6151.212749
7877.630000;6151.212500
33296.850000;6151.212500
3463.810000;6151.212500
10381.100000;6151.212531
233.200000;6150.854493
6272.390000;6151.212500
2870.610000;6151.212507
5704.450000;6151.212500
6727.400000;6151.212500
380.470000;6151.212500
3840.670000;6151.704312
9197.400000;6151.843604
6887.620000;6151.212500
5996.340000;6151.212500
431.820000;6151.212500
1754.330000;6151.212500
11974.380000;6151.212713
6573.540000;6151.248342
12522.970000;6151.212500
10909.800000;6151.217223
13886.080000;6151.223381
4132.220000;6151.212500
4144.910000;6151.212500
5255.900000;6151.215418
1182.080000;6151.212500
7800.000000;6151.212502
1297.290000;6151.212500
817.040000;6151.212500
13501.130000;6151.212500
9955.180000;6151.205497
11647.180000;6151.212500
25001.870000;6151.212679
3615.650000;6151.273264
3332.040000;6151.212519
3330.580000;6151.212532
613.740000;6151.212498
3761.970000;6151.381944
27400.740000;6151.212500
6568.890000;6151.212500
10424.420000;6151.212509
1889.470000;6151.212500
7527.450000;6151.212500
6931.710000;6151.251461
640.000000;6151.212500
3493.690000;6151.212500
7050.790000;6151.268693
10756.410000;6151.041981
6960.000000;6151.213617
11468.950000;6151.212500
3808.710000;6151.231938
6888.920000;6151.212500
6797.960000;6151.233941
13123.160000;6151.212502
9741.550000;6151.282336
13116.580000;6151.212500
2785.020000;6151.212500
5984.470000;6151.212502
6245.290000;6151.192082
9354.070000;6151.212500
5365.320000;6151.212498
3600.000000;6151.212500
1755.150000;6151.212500
4160.940000;6151.212591
3624.700000;6151.212613
3540.270000;6151.213014
581.280000;6151.212500
11747.070000;6151.212546
3535.390000;6152.202891
4118.140000;6151.212541
5838.880000;6151.212500
7362.210000;6151.221936
6957.480000;6151.212476
1800.000000;6151.212500
6319.360000;6151.212500
6085.470000;6151.386860
10402.510000;6151.233386
3869.640000;6151.214024
7770.030000;6151.213839
4069.910000;6151.213905
8072.630000;6151.212515
9055.470000;6151.257130
5472.800000;6151.585352
1400.000000;6151.210200
4354.260000;6151.212500
3627.290000;6151.706583
3804.650000;6151.212500
2674.280000;6151.212500
26471.670000;6151.375163
11442.390000;6151.317044
3654.500000;6151.197238
4814.750000;6151.221416
18441.820000;6151.375294
5715.630000;6151.212501
4363.350000;6151.212500
5651.680000;6151.212500
7720.440000;6151.258814
2642.080000;6151.212500
3679.440000;6150.660199
464.750000;6151.212500
6135.540000;6151.212501
26854.460000;6151.212500
3602.140000;6151.211608
13004.480000;6151.203488
5269.880000;6151.234117
2717.090000;6151.212502
5403.350000;6151.582578
19255.500000;6151.213171
4535.480000;6151.212797
5288.080000;6151.212511
17128.480000;6151.438590
48872.350000;6151.212500
3421.360000;6151.356415
6529.090000;6151.212650
7198.840000;6151.467575
355.580000;6151.212016
27219.140000;6151.214518
3946.570000;6151.202723
2333.980000;6151.213321
4704.870000;6151.212500
4740.000000;6151.212500
32436.930000;6151.408501
11756.230000;6151.279826
3939.970000;6151.212500
3813.470000;6151.212500
13731.640000;6151.212500
3110.350000;6151.212500
4501.420000;6151.212513
2635.960000;6151.212519
10167.410000;6151.216205
3689.620000;6151.370044
4120.230000;6151.288175
8334.460000;6151.212529
10907.980000;6151.212501
1186.920000;6151.145511
2759.930000;6151.212392
10402.640000;6151.212516
12636.580000;6151.212500
2434.820000;6151.212499
6414.380000;6151.212500
10320.000000;6150.992856
5352.490000;6151.209748
4200.000000;6151.213280
3113.180000;6151.101750
10911.800000;6151.212500
3809.340000;6151.174354
232.200000;6151.005524
7222.180000;6151.212824
1038.170000;6151.212500
12626.150000;6151.212498
17750.000000;6151.215163
14.380000;6150.637481
1500.000000;6151.206508
2199.220000;6151.212499
8702.250000;6151.212500
10237.550000;6151.254857
13301.000000;6151.217779
2574.890000;6151.212469
6323.220000;6152.134696
24617.700000;6151.212550
7051.050000;6151.212500
5580.540000;6151.212499
5053.130000;6151.212500
1755.220000;6151.212500
5793.490000;6151.200640
3600.000000;6151.240367
1801.670000;6151.049844
4666.900000;6151.703024
5508.730000;6151.155081
5584.040000;6151.043110
4824.780000;6151.341101
15730.140000;6151.273495
78.600000;6150.866047
310.040000;6151.212500
12348.950000;6151.951712
4415.260000;6151.212675
580.000000;6151.212500
5407.390000;6151.212500
5513.000000;6151.210462
8929.220000;6151.215614
4943.830000;6151.212499
7019.310000;6151.265348
2138.460000;6151.210661
8372.660000;6151.227274
11098.600000;6151.212500
3774.210000;6151.264938
3941.850000;6151.212501
10179.820000;6151.212500
4906.750000;6151.599591
3505.850000;6151.212500
5735.030000;6151.211495
6037.020000;6150.874172
15952.090000;6151.212500
20534.810000;6151.212514
4564.810000;6151.240720
4852.200000;6151.309326
5196.730000;6151.212500
13333.820000;6151.212500
7672.100000;6151.212500
12136.990000;6151.213387
7064.960000;6151.412978
84.550000;6151.212500
3516.170000;6151.236237
3211.970000;6151.212500
5284.420000;6151.212500
8556.310000;6151.215631
12337.810000;6151.212500
9182.640000;6151.212500
3201.490000;6151.243311
310.160000;6151.212500
3884.750000;6151.212500
5123.800000;6151.212866
2080.240000;6151.235447
5639.330000;6151.212491
15123.760000;6151.212940
9935.220000;6151.214071
1164.950000;6151.212500
26921.410000;6151.233731
43455.060000;6151.626004
1542.310000;6150.483867
5430.060000;6151.849790
17779.500000;6151.212903
289.590000;6150.030089
34969.040000;6151.218265
10845.740000;6151.135101
4575.470000;6151.212500
283.910000;6150.328908
21171.380000;6151.212500
3085.710000;6151.212500
589.160000;6151.212374
4205.540000;6151.212500
4237.320000;6151.212500
4060.070000;6151.212500
4084.510000;6151.212500
7672.450000;6151.212527
720.260000;6151.212498
3692.760000;6151.786737
4318.710000;6151.212500
4617.160000;6151.244645
6574.760000;6151.212500
4456.250000;6151.324342
6869.670000;6151.212503
4150.830000;6151.212538
6190.560000;6150.876155
3279.400000;6151.256637
2732.120000;6151.213926
4233.690000;6151.212500
11368.930000;6151.230809
9052.200000;6151.212500
20494.980000;6151.718676
5068.830000;6151.211898
4008.500000;6151.214301
5976.960000;6151.212500
6691.570000;6151.212500
25988.530000;6151.212500
6960.000000;6151.212580
4994.550000;6151.240134
10344.260000;6151.212500
3661.180000;6151.290282
4548.190000;6151.212500
2367.590000;6151.212508
9332.030000;6151.215343
7629.820000;6151.212500
16964.930000;6151.212500
1771.030000;6151.212500
5632.190000;6151.212500
8536.960000;6151.212499
8134.870000;6151.211851
5870.020000;6151.212486
4701.860000;6151.212500
5285.810000;6151.212966
38924.040000;6151.214909
4493.110000;6151.219181
2926.590000;6151.212500
1158.010000;6151.212500
800.000000;6151.212500
7013.290000;6151.212536
10526.310000;6151.212500
15017.000000;6151.212502
12602.940000;6151.212500
19001.240000;6151.212500
11175.300000;6151.219649
16952.220000;6151.212500
15975.380000;6151.212500
9509.090000;6151.404379
8204.250000;6151.212500
1618.970000;6151.212500
4350.410000;6151.212500
10770.910000;6151.212500
24695.820000;6151.212500
914.390000;6151.212500
1200.000000;6151.212500
3322.640000;6151.212500
514.400000;6151.212500
888.380000;6151.212500
20495.420000;6151.212652
13273.750000;6151.212804
9352.060000;6151.212500
7084.660000;6151.217194
2059.310000;6151.212500
221.870000;6151.212057
1086.890000;6151.212500
3466.550000;6151.212500
26610.580000;6151.214226
8091.980000;6151.212500
3634.070000;6151.212500
5545.440000;6151.212500
3508.930000;6151.212500
12758.500000;6151.212502
3836.120000;6151.212500
2059.130000;6151.212470
4030.000000;6151.212500
625.500000;6151.212500
9643.030000;6151.221991
17161.300000;6151.212538
2246.690000;6151.212500
374.280000;6151.212500
19479.270000;6151.216961
4016.410000;6151.046658
5511.730000;6151.372593
978.290000;6151.212500
4212.080000;6151.212508
3236.760000;6151.212500
8340.480000;6151.306181
4924.280000;6151.209460
1723.240000;6151.254472
6618.140000;6151.212500
4933.120000;6151.731542
1943.450000;6151.423395
6660.000000;6151.215968
1959.210000;6151.212500
6814.660000;6151.212500
5405.640000;6151.266857
7740.220000;6151.212512
180.200000;6151.212450
1978.020000;6151.212500
6435.370000;6151.988020
1485.750000;6151.212500
13126.520000;6151.214199
15500.000000;6151.212500
331.600000;6151.212492
5686.440000;6151.319894
3506.740000;6151.882405
6600.000000;6151.214475
3600.000000;6151.212692
10656.110000;6151.212773
2393.340000;6151.212459
8307.960000;6151.855248
8581.790000;6151.255105
14402.260000;6151.212501
30230.770000;6152.770200
18410.420000;6151.212500
14547.570000;6151.212501
9665.340000;6151.212500
9016.190000;6151.212500
3600.000000;6151.216572
4659.910000;6151.289093
850.000000;6151.212500
10847.840000;6151.259540
1007.550000;6151.212500
225.250000;6151.212505
324.030000;6151.212500
12367.750000;6151.212500
4195.970000;6151.212500
6648.570000;6151.212500
229.620000;6151.212500
829.210000;6151.212500
2236.210000;6151.212494
407.780000;6151.206391
600.000000;6151.212500
210.330000;6151.212500
9135.840000;6151.386214
6889.470000;6151.247408
371.810000;6151.212500
12012.490000;6151.292389
1042.630000;6151.212500
1740.000000;6151.212499
9223.420000;6151.236762
10352.510000;6151.213934
9102.110000;6151.212369
7117.610000;6151.705846
8.070000;6150.786351
2728.170000;6151.212500
2979.180000;6151.215049
11388.350000;6151.212500
3362.940000;6151.212500
182.540000;6151.205081
9013.580000;6151.212500
4924.860000;6151.212500
6108.740000;6151.212509
4677.030000;6151.212500
8980.660000;6151.211343
2696.390000;6151.212500
6615.440000;6151.212655
10350.500000;6151.212500
8831.220000;6151.212500
9197.820000;6151.213812
9392.890000;6151.210675
7412.090000;6151.587344
1500.000000;6151.212141
11225.050000;6151.362678
21928.230000;6151.212507
21433.600000;6151.212500
9031.090000;6151.212505
5453.780000;6151.212533
5755.000000;6151.213071
25740.000000;6151.212331
9664.280000;6151.212658
8249.500000;6151.212500
2136.910000;6151.210688
4679.180000;6151.212500
7841.920000;6151.015566
7073.330000;6151.212510
19513.350000;6151.212514
4805.080000;6151.212500
2282.630000;6151.212500
5321.280000;6151.656197
9281.920000;6151.610089
2993.390000;6151.212500
7392.520000;6151.212500
6849.320000;6151.212500
3756.390000;6151.319737
6798.450000;6151.218483
7315.790000;6151.212707
