8897.480000;11538.720000
2082.670000;6915.930000
437.360000;876.670000
14590.860000;19030.360000
8412.470000;14332.270000
5315.520000;16984.250000
8095.170000;19030.360000
2389.100000;6282.420000
9579.090000;7409.990000
8000.000000;11758.010000
13032.900000;1077.420000
7192.310000;6677.600000
6443.100000;8397.270000
135.390000;289.620000
19497.940000;7406.660000
16030.560000;7406.660000
11275.310000;5888.400000
7415.270000;35887.740000
6360.000000;24746.530000
2612.560000;2150.530000
7606.200000;7387.080000
2118.300000;5083.470000
6235.410000;5083.470000
2766.000000;1807.670000
13272.520000;22139.760000
5577.330000;4212.640000
5572.350000;7987.180000
856.850000;498.280000
5533.790000;7415.640000
6601.210000;8243.220000
10323.260000;7152.590000
6560.000000;5852.710000
1082.780000;3941.620000
7505.720000;8344.940000
14304.660000;7152.590000
952.700000;3446.850000
15240.870000;13584.290000
16734.140000;5502.620000
4905.890000;7381.000000
872.470000;2284.700000
15874.280000;14628.770000
8014.100000;5312.790000
937.910000;632.000000
4985.170000;5213.960000
19682.580000;8400.000000
57177.000000;4101.250000
5553.400000;3872.070000
4449.260000;11707.590000
800.000000;9377.750000
8414.450000;13775.730000
5710.000000;67527.695000
11050.360000;11016.630000
3608.130000;20937.320000
6909.600000;8344.590000
13362.900000;8175.360000
6239.330000;6408.570000
5637.910000;6408.570000
5708.460000;10500.080000
4481.430000;13029.430000
21395.930000;3240.000000
11392.220000;3240.000000
6602.890000;3600.000000
391.870000;6892.960000
10422.960000;12540.800000
6057.290000;9000.000000
4568.330000;7663.190000
5225.120000;1127.110000
3568.560000;8065.680000
526.940000;568.230000
9042.760000;19188.120000
2380.290000;4638.290000
4992.970000;12078.010000
3600.000000;3655.120000
5712.220000;3474.770000
20316.000000;16524.990000
6091.980000;3708.290000
362.000000;807.710000
11314.290000;40231.370000
6505.020000;6790.485000
12631.580000;4540.030000
179.850000;920.060000
5493.570000;10595.490000
4448.620000;4540.030000
4591.050000;3560.550000
11897.990000;3446.850000
5327.530000;3587.340000
3600.000000;7196.320000
12205.630000;5782.540000
6742.280000;8344.590000
2365.020000;4340.000000
14718.940000;8744.230000
4787.990000;7286.960000
71612.230000;1390.180000
11751.870000;4905.250000
123.090000;10358.860000
17094.280000;7152.590000
8527.530000;7152.590000
20497.810000;12078.010000
1441.890000;4318.110000
1792.860000;4393.910000
11138.800000;9669.000000
565.240000;289.620000
8349.060000;3317.370000
6030.910000;8977.780000
5297.600000;5142.330000
5142.790000;3494.570000
525.450000;7460.070000
4431.080000;3772.960000
9067.680000;10182.350000
17116.540000;10225.900000
819.740000;70.930000
19783.690000;4774.000000
5580.080000;4905.250000
10798.750000;6812.890000
12857.310000;12265.150000
12654.580000;9036.070000
3904.330000;5337.780000
11806.150000;4246.330000
3512.110000;1647.520000
457.450000;1647.520000
26584.330000;4758.190000
14873.060000;4200.000000
6512.480000;4038.280000
538.690000;444.340000
761.560000;5674.310000
2216.350000;488.440000
4459.890000;3018.770000
2506.380000;6354.240000
4924.100000;8836.410000
4301.860000;8802.240000
829.110000;5247.920000
2314.310000;5220.660000
1600.000000;2707.010000
2301.670000;2066.680000
26721.550000;24746.530000
5798.650000;19697.930000
2878.220000;2790.030000
9611.750000;9739.630000
14117.800000;5864.830000
3600.000000;5885.580000
679.850000;44943.000000
3649.210000;5611.620000
3505.850000;11754.160000
3647.000000;7569.390000
1164.810000;12031.070000
3502.940000;3772.960000
3505.850000;861.610000
442.820000;807.240000
771.750000;2523.000000
6111.710000;8977.780000
5353.050000;40655.420000
29299.020000;8313.820000
13320.000000;8836.410000
19084.300000;5000.000000
2985.770000;28686.090000
9258.250000;7571.980000
7796.270000;7571.980000
11800.280000;7773.340000
10808.720000;6460.430000
12576.490000;11159.010000
3600.000000;9157.150000
662.780000;790.060000
4599.540000;3560.550000
3726.950000;2206.510000
5655.200000;7540.920000
4041.700000;4246.330000
548.610000;104.260000
4741.050000;1082.100000
9066.360000;400.050000
1523.860000;289.620000
16008.160000;42184.380000
3324.320000;7465.520000
34264.260000;16421.740000
4206.750000;4489.920000
21402.240000;54828.070000
7301.730000;54828.070000
6457.260000;6550.350000
7125.640000;3608.600000
1895.030000;1784.460000
5535.410000;7295.460000
860.090000;9725.280000
4633.920000;7228.340000
12728.670000;6844.950000
7160.350000;4101.770000
632.370000;648.120000
144.120000;3012.050000
14420.670000;5114.430000
6923.840000;3655.120000
5465.880000;16524.990000
4235.660000;15186.360000
13608.290000;8397.270000
7363.980000;17010.240000
7138.730000;10195.700000
6733.600000;10990.560000
1529.410000;499.150000
16911.350000;12136.430000
12259.340000;14628.770000
5468.300000;11540.970000
10218.180000;5083.470000
2493.380000;6118.580000
12551.190000;11137.520000
10215.120000;8313.820000
7727.660000;8720.210000
6643.300000;12711.580000
13257.870000;8400.000000
2172.150000;14332.270000
11790.800000;3655.120000
4344.910000;3505.850000
7240.820000;4238.120000
5162.260000;4101.770000
3588.040000;70.930000
33080.950000;5000.000000
42504.130000;3535.200000
5272.660000;13775.730000
29957.430000;7416.690000
1901.020000;2009.670000
407.740000;226.480000
30765.960000;10168.340000
13371.060000;15165.350000
2257.680000;28686.090000
3791.540000;5220.660000
4237.400000;5000.000000
8422.760000;16765.120000
2435.690000;28686.090000
13568.670000;7268.390000
2738.360000;1997.610000
33310.230000;8175.360000
3030.630000;11016.630000
1412.620000;4800.000000
3913.880000;5346.900000
3736.550000;6392.130000
15277.270000;6733.540000
8929.250000;11707.590000
25.460000;81.720000
21052.630000;17299.290000
1036.320000;2523.000000
4074.680000;2178.130000
2500.000000;27164.280000
14033.120000;6025.810000
3101.830000;5428.000000
1912.090000;5428.000000
4830.140000;5213.960000
4584.110000;861.610000
14003.290000;4181.400000
3713.480000;5304.090000
11388.000000;11924.790000
5302.840000;6833.080000
7993.410000;5304.090000
15802.730000;7406.660000
13624.950000;11231.850000
13079.520000;11016.630000
8.780000;289.620000
5521.730000;1100.340000
8688.000000;4927.750000
6447.930000;6695.550000
877.410000;10358.860000
8048.400000;3600.000000
13777.060000;5417.740000
7897.670000;7442.720000
6539.800000;6758.870000
1402.910000;44943.000000
6010.510000;13318.220000
21217.690000;861.610000
2748.490000;8109.970000
30048.510000;2605.800000
3467.080000;14332.270000
16111.650000;5000.000000
8406.220000;12459.970000
9586.560000;12459.970000
5110.740000;3600.000000
1071.570000;710.000000
1808.510000;1438.550000
3914.650000;5578.530000
9387.840000;268.590000
9748.240000;5768.590000
1613.770000;12085.860000
3907.610000;3600.000000
3605.300000;9475.340000
665.340000;3862.480000
5512.760000;10358.860000
7970.400000;4191.340000
1861.410000;18035.800000
8911.560000;3680.360000
9208.930000;9519.040000
4162.010000;16765.120000
6063.120000;4022.460000
4050.270000;5281.110000
7837.180000;4375.160000
1829.160000;3862.480000
1768.780000;807.240000
1564.050000;2138.540000
4978.290000;4103.430000
4630.680000;6760.250000
8833.710000;8668.940000
120.530000;1483.720000
120.530000;589.320000
502.440000;55.110000
3726.600000;3899.390000
67.450000;3899.390000
1640.700000;4219.510000
14763.150000;5506.720000
2415.830000;8109.970000
2942.470000;1654.090000
7207.100000;7320.900000
4493.690000;3114.300000
6952.300000;268.590000
763.550000;1924.220000
688.140000;3012.050000
11420.630000;268.590000
7962.080000;3446.850000
6454.120000;13301.240000
6547.340000;1647.520000
1758.900000;11267.750000
21329.190000;21654.580000
9032.180000;3533.690000
1378.570000;7815.030000
13919.780000;5260.460000
2107.540000;11721.720000
13058.250000;5390.000000
15612.230000;3317.370000
2238.610000;6845.730000
1013.670000;9627.900000
7626.600000;6964.040000
4855.710000;4325.490000
1594.590000;5506.720000
1440.760000;3669.510000
4091.430000;5857.290000
468.720000;28686.090000
3058.390000;5428.000000
463.390000;1883.980000
200.000000;4393.910000
6420.820000;8150.920000
8416.340000;12540.800000
625.230000;568.230000
1828.740000;1195.570000
8744.980000;9102.190000
9432.260000;4101.250000
3449.430000;5768.590000
4847.220000;11646.430000
8856.530000;11159.010000
5926.670000;7295.460000
4197.870000;5958.490000
2767.520000;7540.920000
6.030000;3018.770000
8419.110000;9624.340000
573.180000;580.000000
876.460000;6354.240000
3505.850000;728.880000
9800.830000;9188.310000
3421.420000;4038.280000
2500.000000;6906.380000
8810.190000;5506.720000
979.060000;178.900000
14699.800000;5506.720000
7583.740000;5611.620000
17391.100000;5428.000000
13356.370000;5631.120000
7601.520000;7766.910000
4210.120000;1195.570000
9425.700000;9417.360000
7731.840000;6354.240000
81.710000;6354.240000
7567.790000;5578.530000
14925.710000;20449.780000
80.200000;8501.000000
8327.900000;168.500000
4911.230000;5037.730000
8012.910000;2432.810000
4286.940000;12118.040000
3717.830000;6932.210000
5400.840000;7202.580000
2332.100000;5428.000000
5164.750000;5428.000000
15819.500000;750.000000
7857.580000;17923.020000
9105.170000;5304.090000
13261.400000;4153.480000
16169.430000;5428.000000
10574.270000;6100.000000
1326.580000;8270.540000
3415.400000;178.900000
8148.580000;3496.810000
4533.440000;8270.540000
3016.330000;11721.720000
9624.050000;1647.520000
5182.200000;17377.200000
4925.430000;17377.200000
7996.470000;4228.100000
3856.570000;6695.550000
6080.730000;683.490000
1051.930000;498.280000
2617.310000;1438.550000
618.220000;10595.490000
10910.250000;6157.760000
19324.540000;6157.760000
6252.320000;5585.970000
19613.380000;13010.250000
17750.840000;13010.250000
12681.550000;3822.030000
10681.280000;5502.620000
7797.840000;12265.150000
19428.820000;13285.420000
2170.240000;6226.190000
9561.030000;8900.000000
4843.630000;3144.870000
5618.920000;5071.620000
2745.170000;3495.710000
7738.560000;12571.220000
3991.390000;1221.220000
1909.100000;3553.580000
6911.270000;7200.000000
5512.360000;7200.000000
10297.460000;3494.570000
6689.280000;3564.230000
4344.880000;4547.780000
4524.090000;7773.340000
8899.740000;7773.340000
2791.940000;7569.390000
32791.840000;17944.870000
7103.570000;3637.510000
10492.140000;6078.990000
7785.190000;6135.320000
5556.820000;8525.980000
13929.650000;5958.490000
4189.350000;728.880000
2151.330000;6236.760000
2601.640000;5506.720000
3287.130000;1738.300000
4124.420000;5936.330000
6308.990000;6695.550000
4921.990000;7559.230000
13730.110000;3151.070000
5281.700000;3822.030000
3243.740000;7292.280000
565.780000;7259.050000
231.700000;3535.720000
6672.690000;7259.050000
5095.470000;7663.190000
3120.000000;3600.000000
3240.000000;5283.580000
10167.820000;8836.410000
9265.000000;5502.620000
5622.360000;8932.820000
8634.650000;8932.820000
4101.250000;5611.620000
168.690000;1058.410000
10708.280000;9475.340000
6972.390000;8344.940000
9600.000000;5558.430000
7476.480000;5277.190000
4054.610000;6423.770000
6662.570000;5472.220000
406.840000;494.060000
5048.160000;10363.640000
3495.710000;6771.530000
3495.710000;6771.530000
8373.510000;11671.570000
9059.530000;2523.000000
24617.700000;3495.710000
2859.990000;6392.130000
7931.120000;8420.220000
4143.080000;5818.240000
10046.850000;11231.850000
7498.220000;26139.760000
9211.390000;26139.760000
887.000000;4119.250000
7574.560000;7603.990000
6587.080000;1195.570000
7194.180000;7192.550000
4440.090000;11188.180000
800.000000;8270.540000
4344.300000;4329.470000
9080.880000;2347.370000
4900.170000;3316.590000
5862.260000;3316.590000
9456.220000;13155.300000
10630.360000;5611.620000
4558.970000;5611.620000
672.850000;1647.520000
10485.500000;4777.710000
5285.480000;12168.050000
1896.500000;1670.600000
6888.240000;3800.570000
14919.660000;4656.220000
3859.380000;7976.030000
2810.760000;4191.340000
8168.560000;6892.960000
100.000000;750.000000
1644.050000;464.250000
464.000000;4808.650000
8265.600000;7387.080000
1910.180000;382.940000
5730.400000;5002.960000
420.250000;2109.300000
7037.150000;3494.570000
6801.510000;9684.530000
7238.680000;6075.770000
6756.030000;8921.160000
1095.880000;724.810000
1464.310000;547.380000
2910.070000;24746.530000
8400.000000;4031.980000
3522.850000;4492.370000
4834.190000;7131.850000
12940.480000;9439.500000
804.060000;28686.090000
100.000000;58.500000
1216.630000;8270.540000
1371.350000;3816.280000
4226.500000;2138.540000
25488.220000;6046.590000
5598.090000;5631.950000
4007.170000;2790.030000
2141.870000;2357.540000
5834.140000;4905.250000
2913.910000;1882.680000
4143.000000;10830.400000
8872.130000;11070.950000
3489.360000;4696.400000
9828.860000;11045.340000
6787.050000;4318.110000
856.860000;722.330000
86.890000;1883.980000
5800.000000;6569.780000
5616.580000;8836.410000
7889.610000;5502.620000
4807.890000;6635.060000
3019.290000;4856.000000
15719.100000;4101.250000
3833.440000;5383.610000
8791.260000;3382.050000
9147.940000;11438.660000
8025.040000;7152.590000
3430.030000;12879.440000
4148.440000;12879.440000
357.750000;1647.520000
3913.080000;8720.210000
5657.970000;9157.150000
1247.940000;1807.670000
10602.520000;11159.010000
5883.030000;6758.870000
6451.510000;11045.340000
3956.950000;3681.420000
7382.160000;6597.810000
7344.140000;4638.290000
6234.020000;6513.470000
5536.610000;499.150000
4860.000000;6773.020000
7294.000000;5857.290000
9375.720000;16765.120000
1622.890000;5312.790000
16859.640000;6220.690000
3359.590000;7228.340000
1014.830000;4281.030000
499.920000;289.620000
2761.490000;2991.140000
5637.290000;12265.150000
11258.280000;12265.150000
7367.790000;13790.140000
3199.150000;5220.660000
4200.000000;6641.350000
4000.000000;8344.940000
9457.410000;6118.580000
10188.730000;11231.850000
11610.580000;11231.850000
7119.920000;13775.730000
6455.310000;5472.220000
3547.690000;11231.850000
7949.780000;444.340000
7415.660000;3316.590000
9236.470000;10372.320000
7152.350000;4254.040000
2999.840000;7196.320000
3504.580000;8361.020000
13095.570000;7733.280000
5069.150000;7371.010000
4138.200000;4211.520000
2782.920000;3659.770000
7080.750000;4415.660000
436.180000;3475.440000
13585.440000;12801.640000
1593.620000;10682.080000
8396.730000;7327.500000
6002.550000;3474.770000
4437.540000;19752.090000
6690.810000;4469.880000
4653.090000;11646.430000
753.740000;1883.980000
2949.000000;5936.330000
718.890000;1383.450000
3827.970000;4430.000000
8300.000000;5000.000000
6482.010000;4243.560000
4144.330000;7387.080000
6640.340000;13880.360000
871.390000;1647.520000
320.000000;1883.980000
10896.720000;19161.060000
12880.060000;8802.240000
4016.700000;3376.010000
4186.590000;683.490000
6667.070000;3800.570000
319.200000;4350.490000
3869.240000;381.990000
15968.960000;8270.540000
6798.980000;6812.890000
12000.000000;12085.860000
4868.370000;16765.120000
5105.020000;16765.120000
2635.830000;178.900000
5134.600000;289.800000
3600.000000;11796.300000
6668.810000;9563.540000
4512.000000;11267.750000
9081.550000;5506.720000
3675.230000;5506.720000
5368.890000;7976.030000
3592.300000;12347.030000
3480.000000;3474.770000
3763.520000;1383.450000
13930.090000;17010.240000
9323.830000;17010.240000
11091.020000;10500.080000
1152.880000;5490.760000
3703.820000;3175.010000
1608.780000;2660.790000
22511.750000;2848.730000
5182.060000;10182.350000
2638.130000;1957.760000
11697.140000;7196.320000
6609.590000;1883.980000
3564.490000;8150.920000
6127.890000;14872.390000
8930.970000;13318.220000
5859.760000;7460.070000
9230.700000;3448.150000
1748.850000;2397.110000
6567.050000;4874.520000
8313.970000;11045.340000
14598.400000;4015.290000
3903.550000;4554.420000
321.900000;1045.780000
4110.590000;3894.400000
924.030000;868.080000
6753.160000;9688.330000
4123.850000;7271.940000
9117.710000;3999.590000
6826.540000;8361.020000
7685.880000;9188.310000
2384.190000;5514.060000
4557.330000;5512.620000
17190.600000;27293.180000
3943.740000;1387.970000
7864.640000;8971.010000
250.000000;4329.470000
12530.350000;9563.540000
19806.920000;13285.420000
6000.000000;2460.190000
9193.730000;8536.520000
6765.760000;3655.120000
8272.690000;4593.360000
4014.570000;4219.510000
15191.880000;7152.590000
9350.660000;11137.520000
1164.670000;2240.660000
4598.190000;5092.440000
7740.740000;4811.820000
7170.260000;4533.950000
4507.840000;3600.000000
3150.940000;13998.060000
846.900000;581.430000
3989.960000;2431.150000
13064.300000;4340.000000
1200.000000;2790.030000
2204.300000;307.720000
337.200000;8652.380000
6903.750000;3941.620000
9748.510000;8109.970000
563.530000;647.110000
5280.000000;6271.710000
5692.080000;3012.050000
350.850000;1483.720000
27697.850000;3681.420000
1873.570000;14901.230000
2300.000000;15929.100000
551.700000;1288.990000
505.180000;44943.000000
5142.550000;9439.500000
5259.730000;5506.720000
3672.220000;3784.870000
3787.350000;2182.870000
24701.670000;31594.890000
41078.480000;31594.890000
4725.810000;468.690000
12484.570000;3606.110000
9825.670000;16789.470000
6693.740000;6057.290000
3500.000000;15773.190000
3864.410000;3917.460000
250.000000;488.440000
429.210000;490.000000
478.210000;3012.050000
5163.250000;4758.120000
6401.270000;16789.470000
19433.760000;6123.000000
18053.110000;12265.150000
5611.570000;6899.810000
1490.280000;4401.820000
6887.980000;3110.140000
4419.930000;8444.880000
6849.710000;5304.090000
3791.790000;3495.710000
3163.950000;2053.830000
6009.880000;5607.390000
9188.880000;10977.400000
27.840000;920.060000
4065.020000;7415.640000
19601.160000;3914.260000
8244.810000;11152.890000
8085.340000;3600.000000
3480.000000;3600.000000
4452.950000;3655.120000
4624.320000;4212.640000
232.650000;480.040000
6551.500000;8720.210000
13060.020000;6964.040000
7939.300000;11016.630000
4254.830000;3371.620000
1401.480000;6315.160000
1854.720000;2605.800000
6066.740000;4732.810000
3527.630000;5889.500000
21782.320000;7237.660000
10388.210000;5564.880000
695.090000;3407.470000
3783.270000;8087.590000
12978.410000;8854.000000
2222.880000;589.320000
12592.000000;7430.200000
41234.040000;1395.020000
11273.840000;3872.070000
2184.790000;647.110000
1155.900000;28.960000
10224.020000;11137.280000
9706.600000;11137.280000
3087.900000;580.000000
6827.500000;4777.710000
1147.830000;490.000000
9016.110000;13584.290000
4042.610000;9000.000000
4219.760000;168.500000
4935.260000;1924.220000
4449.850000;9624.340000
7539.930000;3549.150000
509.890000;2495.640000
16105.810000;4540.030000
700.790000;300.000000
34309.940000;36312.720000
709.260000;346.890000
6897.610000;2537.070000
53854.610000;36312.720000
351.020000;2204.960000
6338.130000;1487.290000
8716.090000;4777.710000
4380.000000;5611.620000
23684.210000;8361.020000
4085.410000;499.150000
1058.250000;1754.920000
5792.170000;7196.320000
4564.370000;5346.900000
4920.000000;5795.860000
746.720000;824.990000
14676.340000;13584.290000
5688.960000;11897.240000
5396.460000;8444.880000
1574.020000;3012.050000
14599.320000;8905.660000
4648.250000;3446.850000
9041.490000;5768.590000
3795.520000;8087.590000
12972.130000;11438.660000
10440.000000;32161.030000
617.510000;4038.280000
28726.360000;2284.700000
4154.930000;6758.870000
1754.050000;1784.460000
6002.510000;5304.090000
6338.820000;3216.230000
4478.660000;9453.560000
3739.860000;3655.120000
444.530000;541.340000
8524.540000;17377.200000
7977.050000;8199.360000
3477.760000;1972.030000
27396.240000;54828.070000
6779.790000;5142.330000
3518.980000;5489.080000
6406.380000;4318.110000
10860.580000;7773.340000
47874.000000;31594.890000
9162.820000;16383.430000
6469.840000;4905.250000
8930.700000;11897.240000
3560.890000;6536.310000
6784.250000;4905.250000
19981.850000;8570.400000
17437.030000;8570.400000
1876.830000;5578.530000
6849.550000;13432.450000
4080.740000;9188.310000
3840.000000;3747.290000
4200.000000;5958.490000
3697.480000;2320.000000
4442.140000;7770.680000
12150.510000;32161.030000
8094.900000;861.610000
2124.700000;3356.600000
4882.730000;5979.680000
4900.130000;5911.950000
9012.660000;10168.340000
2669.150000;11721.720000
435.000000;488.440000
11000.030000;21170.060000
6600.000000;4408.180000
3620.100000;4393.910000
3457.180000;3600.000000
34839.410000;4758.190000
14040.000000;3941.620000
4246.370000;5611.620000
1478.510000;1997.610000
3800.870000;3151.070000
6672.210000;5732.660000
5506.370000;9360.880000
4283.020000;7014.400000
8487.000000;13775.730000
2668.210000;1396.730000
11625.550000;11987.830000
3504.550000;9475.340000
4391.850000;5337.780000
3146.400000;4533.950000
919.350000;575.820000
2241.080000;444.340000
3200.000000;1390.180000
3378.570000;3475.440000
48954.150000;5464.120000
6862.150000;1390.180000
4822.200000;5674.310000
1282.130000;7981.410000
6845.200000;8932.820000
11922.100000;4936.330000
5990.780000;4845.740000
397.840000;4845.740000
6871.650000;7268.390000
4933.630000;4905.250000
6516.890000;4101.770000
5126.130000;6118.580000
5824.560000;4219.510000
8663.700000;16765.120000
12114.400000;3789.820000
7578.210000;10358.860000
9812.800000;6157.760000
9758.140000;14824.180000
8197.520000;12711.580000
6057.290000;19752.090000
24330.570000;19227.880000
10877.690000;16984.250000
302.210000;4808.650000
340.970000;573.460000
63.720000;499.150000
557.930000;499.150000
9435.030000;21170.060000
1479.860000;1217.110000
3941.610000;4212.640000
10680.740000;5312.790000
24679.690000;7268.390000
10256.000000;11231.850000
10376.000000;12711.580000
14224.080000;7203.250000
8683.930000;16765.120000
22482.870000;4181.400000
23084.470000;4181.400000
407.380000;498.280000
163.200000;498.280000
12075.040000;3151.070000
2683.260000;3999.590000
94.780000;5631.120000
1862.640000;5428.000000
15352.130000;14628.770000
7673.710000;5213.960000
5315.620000;5357.900000
9815.030000;499.150000
66243.660000;4101.250000
53273.120000;24793.150000
16267.310000;16765.120000
34324.370000;4181.400000
5690.430000;19584.110000
13989.430000;24746.530000
5999.840000;5092.440000
155.110000;3799.560000
1563.540000;1647.520000
8688.460000;14736.700000
6853.330000;7387.890000
13317.510000;16765.120000
4266.500000;5092.440000
1560.990000;3799.560000
975.750000;2320.000000
6512.050000;6025.810000
8005.720000;4550.100000
1142.810000;9504.250000
3600.000000;3600.000000
11524.150000;4848.490000
3930.130000;2431.150000
3776.260000;11231.850000
17179.200000;16435.090000
4464.430000;3476.550000
1392.790000;1905.420000
9503.020000;9702.720000
372.690000;3789.820000
14417.100000;3789.820000
11203.040000;15773.190000
8408.660000;8065.680000
1386.510000;1738.300000
3390.000000;3799.560000
8486.670000;8249.090000
7231.310000;8249.090000
4833.290000;6331.810000
19242.060000;7569.390000
12306.730000;6640.690000
1745.440000;28686.090000
1303.290000;314.800000
5014.230000;6157.760000
5555.050000;16765.120000
12711.650000;4936.740000
3029.450000;10807.480000
494.200000;920.060000
4689.570000;9475.340000
10917.280000;6077.960000
2964.570000;17242.480000
6921.000000;67622.140000
16247.540000;7527.640000
12566.600000;11045.340000
4496.350000;4444.770000
2312.470000;5213.960000
1044.130000;3440.240000
3495.710000;4393.910000
1519.540000;10358.860000
9515.950000;7259.050000
6791.400000;4936.330000
4749.990000;8053.630000
10973.600000;5083.470000
7704.780000;11016.630000
6566.400000;6567.450000
3741.280000;11045.340000
8341.080000;5417.740000
16311.540000;22139.760000
33427.710000;5417.740000
5974.350000;28686.090000
10365.980000;7527.640000
14407.250000;7023.230000
12296.000000;14628.770000
3147.800000;30401.780000
2369.850000;1738.300000
7721.650000;26775.190000
10720.160000;12265.150000
15864.120000;4845.740000
6263.720000;12078.010000
4681.920000;5558.430000
10693.820000;6046.590000
3711.960000;16765.120000
5058.680000;6567.450000
6662.540000;1647.520000
6893.530000;1647.520000
7715.710000;9377.750000
14277.890000;19661.560000
11000.790000;7192.550000
10497.220000;8318.250000
11265.590000;693.750000
18612.240000;5083.470000
15812.650000;6802.050000
3401.900000;19661.560000
23643.290000;19661.560000
9422.030000;5417.740000
1616.700000;693.750000
9532.640000;16984.250000
18166.240000;8600.180000
6220.950000;5283.580000
5232.410000;4301.690000
7712.900000;11231.850000
12699.710000;40655.420000
5908.250000;40655.420000
18691.560000;5502.620000
7842.100000;6964.040000
3727.200000;13285.420000
6518.450000;12347.030000
5647.530000;3495.710000
12133.040000;16099.560000
10688.480000;2707.010000
726.800000;28686.090000
4407.040000;7023.230000
2088.610000;9430.960000
615.650000;4378.710000
5330.710000;8977.780000
4200.000000;3681.420000
4063.640000;5383.610000
3779.250000;3317.370000
7808.070000;2889.270000
9012.220000;7880.450000
9529.160000;3799.560000
306.140000;498.280000
3105.840000;6057.290000
6866.830000;4015.290000
5492.380000;7493.560000
19662.670000;5283.580000
11074.760000;14628.770000
4174.040000;11045.340000
6106.250000;5122.530000
1719.530000;4219.510000
8769.660000;8249.090000
836.740000;1647.520000
483.160000;11671.570000
27943.350000;16765.120000
2205.000000;2635.540000
1916.040000;44943.000000
4175.450000;5220.660000
750.000000;5674.310000
515.380000;3012.050000
6811.420000;2834.790000
2021.920000;2150.530000
2178.820000;289.620000
36287.960000;27164.280000
4759.470000;2178.130000
2992.390000;4127.260000
5669.810000;24746.530000
3766.470000;10358.860000
3798.550000;1652.390000
7741.360000;11693.150000
5143.940000;8741.800000
9579.690000;3999.590000
96767.610000;9669.000000
4851.440000;5092.440000
3022.680000;1752.930000
343.380000;568.230000
438.060000;648.120000
4693.890000;2206.510000
6752.110000;4967.750000
2556.160000;4800.000000
4213.560000;16765.120000
8468.650000;8246.050000
10245.280000;8554.200000
3833.890000;13614.010000
10016.520000;5506.720000
700.000000;490.000000
9070.990000;5283.580000
322.610000;289.800000
389.220000;616.530000
6443.870000;7268.390000
1381.070000;11671.570000
1809.020000;11671.570000
2380.000000;6492.660000
19110.970000;7442.720000
3472.980000;3478.020000
4086.380000;2808.880000
649.090000;39.100000
3718.000000;5000.000000
3624.420000;3600.000000
3418.420000;7295.460000
4527.450000;10161.370000
311.980000;4281.030000
68497.720000;44653.790000
1089.470000;490.000000
10.000000;464.250000
668.930000;635.550000
5268.910000;5674.310000
1720.000000;44653.790000
6702.660000;490.000000
4690.370000;4656.220000
3252.950000;3973.670000
8379.540000;1288.990000
3103.610000;60.000000
673.900000;490.000000
425.930000;10145.560000
15867.340000;15679.680000
4558.040000;3897.240000
4429.730000;7358.680000
1417.560000;876.670000
998.250000;13029.430000
4560.000000;9313.650000
2750.380000;1997.600000
3386.670000;314.800000
1118.520000;1288.990000
555.500000;480.540000
5017.820000;6986.380000
11750.620000;15679.680000
1397.900000;960.440000
24348.920000;5035.650000
30.000000;18530.730000
57.590000;1668.160000
2715.170000;3844.550000
5236.250000;27293.180000
168.300000;920.060000
3490.410000;3407.470000
1651.560000;1591.330000
8095.680000;7626.660000
5433.640000;5247.920000
9065.430000;4377.010000
15613.540000;5585.970000
21148.490000;15586.880000
4765.190000;12233.670000
7132.450000;9772.810000
712.740000;104.260000
10803.140000;6694.780000
3706.000000;9739.630000
1800.000000;877.190000
4147.100000;12568.870000
439.650000;3844.550000
6641.260000;3240.000000
3337.990000;8573.790000
10095.040000;12560.000000
5502.780000;545.830000
9171.720000;10145.560000
4800.000000;5808.830000
7862.250000;5501.060000
4036.740000;6472.230000
5792.400000;1502.920000
5204.050000;2053.830000
2884.960000;3213.050000
1318.680000;2848.730000
4661.230000;4046.070000
5788.980000;12114.610000
15895.180000;1487.290000
1753.360000;545.830000
3703.590000;3680.360000
4807.490000;6220.690000
10039.830000;3606.110000
1037.600000;314.800000
13122.430000;8431.100000
633.260000;1782.010000
2268.990000;1745.980000
2102.710000;2237.990000
12832.070000;7634.770000
3806.320000;728.880000
2896.200000;4200.000000
37742.850000;12568.870000
16297.760000;7688.030000
14549.350000;9725.280000
13379.330000;1753.360000
1577.660000;1221.220000
6428.180000;5243.570000
8615.950000;9411.060000
10218.180000;7188.490000
3024.330000;5979.680000
27069.020000;14053.150000
17109.880000;14053.150000
1574.420000;879.000000
2106.710000;3600.000000
6096.330000;3255.060000
5290.380000;3823.510000
2533.030000;3517.860000
9344.640000;4264.590000
4554.590000;6513.470000
6640.510000;9272.580000
503.460000;1632.070000
1761.560000;1632.070000
2053.110000;9612.910000
8172.800000;11419.420000
8904.760000;3255.060000
24538.630000;6418.740000
4777.750000;4295.940000
8676.670000;5243.570000
1752.930000;4108.690000
4010.830000;3766.280000
4392.940000;3766.280000
12583.870000;4188.310000
10184.040000;7217.050000
4489.440000;17010.240000
5831.840000;33699.310000
341.200000;3844.550000
1023.520000;289.800000
723.500000;3012.050000
888.950000;1899.130000
15974.670000;9539.650000
14356.770000;3503.820000
4383.330000;3503.820000
9713.870000;6771.530000
6967.320000;468.980000
298.850000;4808.650000
7272.070000;3823.510000
6033.510000;5818.240000
11165.330000;3766.280000
11462.780000;17299.290000
6371.640000;3244.840000
3373.290000;28207.820000
17367.440000;3600.000000
7259.920000;6672.090000
9850.000000;4430.000000
74592.570000;56738.470000
26331.960000;15279.750000
808.610000;1289.390000
13722.490000;3494.570000
11016.390000;9563.310000
7777.390000;3823.510000
5113.960000;10807.480000
3521.940000;5227.250000
1895.610000;214.520000
8847.700000;6243.900000
7026.740000;11424.010000
305.780000;410.170000
8893.560000;8616.890000
17392.270000;5864.830000
8120.390000;4196.450000
3451.290000;2025.270000
2570.380000;6892.960000
5523.910000;11419.420000
9376.740000;15279.750000
5782.160000;9348.790000
6543.310000;6597.810000
3459.090000;2834.210000
1195.280000;2066.680000
2523.870000;1221.220000
13832.250000;5864.830000
3895.510000;9348.790000
17192.800000;3600.000000
3639.250000;7991.280000
15565.860000;7991.280000
7174.230000;9563.310000
16417.080000;9563.310000
5224.200000;12114.610000
12850.100000;12114.610000
100.000000;9542.270000
7659.410000;7919.850000
5882.180000;6932.210000
6411.100000;5864.830000
5095.000000;6886.960000
7709.440000;1807.670000
3526.880000;7320.900000
8294.470000;4896.470000
8224.140000;7320.900000
3812.790000;6100.000000
5512.000000;16531.160000
58513.530000;7645.970000
6486.180000;7738.620000
8956.290000;6733.540000
2177.650000;3446.850000
13948.020000;17010.240000
3720.000000;12872.470000
6821.280000;7773.340000
2073.950000;270.730000
3984.260000;2374.340000
9263.990000;8344.940000
4630.420000;4540.030000
3948.670000;4040.640000
418.940000;920.060000
1137.270000;4401.820000
15657.360000;5301.500000
7458.720000;7826.130000
3406.680000;5472.220000
32023.450000;56738.470000
2348.660000;920.060000
1709.060000;3630.200000
2896.200000;7430.200000
4548.000000;3570.740000
5128.060000;4936.740000
3591.170000;5277.190000
5042.590000;7991.280000
7773.800000;11267.750000
313.270000;1658.490000
4285.690000;21654.580000
3680.960000;1396.730000
7298.420000;2523.000000
7800.000000;4822.340000
7724.940000;6681.000000
2117.640000;289.800000
7506.790000;13614.010000
20289.990000;7344.890000
3702.090000;6423.770000
4259.740000;168.500000
6927.130000;9913.200000
5821.660000;3486.430000
21560.390000;10996.590000
7764.560000;10996.590000
4102.920000;55.110000
4375.590000;3371.420000
8260.360000;4822.340000
8203.590000;10455.180000
2174.860000;11721.720000
13085.260000;3791.200000
6484.190000;8733.580000
8512.990000;6378.570000
7287.700000;6378.570000
9918.790000;3524.540000
5231.760000;3549.150000
4680.000000;19697.930000
5200.000000;7237.660000
4687.470000;3336.860000
4280.000000;2066.680000
1300.000000;1127.110000
15305.290000;10536.150000
260.430000;647.110000
6592.650000;5889.500000
15822.830000;3203.620000
11578.410000;10167.130000
14429.520000;6265.960000
9465.550000;13170.960000
320.060000;3012.050000
4126.330000;3320.870000
5405.730000;683.490000
3505.850000;3411.360000
1752.930000;17923.020000
7383.940000;9360.880000
1098.720000;5674.310000
5327.150000;4200.000000
6889.470000;4932.230000
4046.280000;7460.070000
3931.610000;22868.420000
9719.810000;7344.890000
4727.330000;5043.190000
7015.030000;9360.880000
930.860000;301.200000
881.700000;4038.280000
2742.240000;6053.120000
1292.910000;5247.920000
8081.390000;2000.030000
8688.600000;11031.870000
8553.830000;8397.270000
5383.030000;3897.240000
4358.140000;1883.980000
3544.120000;3568.750000
3675.320000;2384.480000
1752.930000;4101.250000
10197.490000;4200.000000
7470.380000;9586.180000
4445.900000;11031.870000
21166.910000;6025.810000
1020.210000;4874.160000
9177.600000;2138.540000
945.060000;1591.330000
13477.050000;6844.950000
2420.900000;900.000000
2500.000000;1216.230000
3929.700000;8589.130000
3481.870000;3203.620000
20044.830000;1956.710000
14423.520000;6099.540000
11171.030000;3533.690000
6238.600000;8045.820000
5346.100000;9624.340000
5598.320000;7549.280000
7837.110000;4519.310000
2398.070000;3535.720000
602.250000;499.150000
338.330000;11829.440000
9387.330000;10145.560000
3534.520000;15279.750000
143.940000;480.540000
249.100000;5071.620000
680.000000;700.000000
408.330000;490.000000
10799.240000;8532.830000
1774.880000;459.240000
1870.100000;307.720000
12045.120000;8256.340000
637.930000;15929.100000
2312.110000;5270.580000
6605.900000;5541.710000
1100.000000;2530.750000
1757.470000;14901.230000
17766.620000;3411.360000
10310.710000;11707.590000
7508.840000;3535.200000
23.770000;1754.920000
999.650000;604.530000
1433.860000;830.800000
6863.990000;6513.470000
19404.540000;3844.550000
14728.100000;3500.000000
2968.210000;5791.670000
7820.420000;7344.890000
3418.100000;13391.340000
401.520000;1195.570000
3884.630000;3897.240000
4633.920000;1883.980000
7049.460000;6231.680000
3202.540000;8109.970000
6607.900000;5247.920000
12910.570000;20937.320000
9359.050000;6672.090000
3426.620000;8554.620000
5084.080000;3568.750000
10271.420000;5791.670000
7764.260000;5270.580000
2925.300000;2320.000000
7782.030000;5142.330000
3663.200000;12463.020000
8634.400000;9772.810000
6778.480000;15586.880000
7877.630000;10145.560000
33296.850000;10145.560000
3463.810000;3998.990000
10381.100000;12560.000000
233.200000;1668.160000
6272.390000;3669.230000
2870.610000;3669.230000
5704.450000;876.670000
6727.400000;6473.320000
380.470000;2592.340000
3840.670000;3516.170000
9197.400000;13158.380000
6887.620000;6393.620000
5996.340000;11438.660000
431.820000;2991.140000
1754.330000;8723.440000
11974.380000;8532.830000
6573.540000;5464.120000
12522.970000;7432.230000
10909.800000;6644.100000
13886.080000;10990.560000
4132.220000;8900.000000
4144.910000;4429.910000
5255.900000;12120.840000
1182.080000;1591.330000
7800.000000;5114.430000
1297.290000;1225.940000
817.040000;22868.420000
13501.130000;11752.040000
9955.180000;3758.140000
11647.180000;11752.040000
25001.870000;4430.000000
3615.650000;5331.040000
3332.040000;6393.620000
3330.580000;6473.320000
613.740000;2530.750000
3761.970000;8414.870000
27400.740000;6473.320000
6568.890000;5808.830000
10424.420000;8570.400000
1889.470000;2237.990000
7527.450000;12233.670000
6931.710000;7738.620000
640.000000;7815.030000
3493.690000;5270.580000
7050.790000;7327.500000
10756.410000;9453.560000
6960.000000;10490.980000
11468.950000;1800.000000
3808.710000;5331.040000
6888.920000;683.490000
6797.960000;5791.670000
13123.160000;6644.100000
9741.550000;6220.690000
13116.580000;1668.160000
2785.020000;1668.160000
5984.470000;3680.360000
6245.290000;7295.460000
9354.070000;1048.590000
5365.320000;830.800000
3600.000000;5247.920000
1755.150000;3054.540000
4160.940000;3774.480000
3624.700000;7094.820000
3540.270000;6694.780000
581.280000;1048.590000
11747.070000;6473.320000
3535.390000;15425.210000
4118.140000;15425.210000
5838.880000;6152.400000
7362.210000;1753.360000
6957.480000;1753.360000
1800.000000;2432.810000
6319.360000;648.330000
6085.470000;7745.970000
10402.510000;1753.360000
3869.640000;6408.570000
7770.030000;5968.340000
4069.910000;14727.290000
8072.630000;7839.410000
9055.470000;3784.910000
5472.800000;3600.000000
1400.000000;1116.750000
4354.260000;25769.070000
3627.290000;9684.530000
3804.650000;683.490000
2674.280000;3812.000000
26471.670000;5501.060000
11442.390000;6405.280000
3654.500000;7248.080000
4814.750000;3819.090000
18441.820000;12982.970000
5715.630000;4261.000000
4363.350000;5017.560000
5651.680000;1349.760000
7720.440000;3560.550000
2642.080000;9612.910000
3679.440000;1956.710000
464.750000;648.120000
6135.540000;15243.640000
26854.460000;3500.000000
3602.140000;6123.000000
13004.480000;545.830000
5269.880000;3570.740000
2717.090000;635.550000
5403.350000;3600.000000
19255.500000;14199.265000
4535.480000;5301.500000
5288.080000;1997.600000
17128.480000;19221.180000
48872.350000;6765.710000
3421.360000;4811.820000
6529.090000;3213.050000
7198.840000;10161.370000
355.580000;3339.880000
27219.140000;17299.290000
3946.570000;15858.560000
2333.980000;3114.300000
4704.870000;11754.160000
4740.000000;4014.900000
32436.930000;4407.430000
11756.230000;9970.320000
3939.970000;10182.350000
3813.470000;6392.130000
13731.640000;226.360000
3110.350000;1082.100000
4501.420000;7217.050000
2635.960000;8589.130000
10167.410000;11395.750000
3689.620000;11744.400000
4120.230000;6972.250000
8334.460000;10288.070000
10907.980000;5850.000000
1186.920000;1218.230000
2759.930000;21761.100000
10402.640000;3570.740000
12636.580000;6392.130000
2434.820000;2840.240000
6414.380000;7848.790000
10320.000000;7859.020000
5352.490000;7670.150000
4200.000000;5945.090000
3113.180000;589.320000
10911.800000;1349.760000
3809.340000;4295.740000
232.200000;1932.480000
7222.180000;27293.180000
1038.170000;21761.100000
12626.150000;6265.960000
17750.000000;27293.180000
14.380000;920.060000
1500.000000;3345.260000
2199.220000;6892.960000
8702.250000;6715.250000
10237.550000;11676.730000
13301.000000;12194.450000
2574.890000;3035.080000
6323.220000;8045.820000
24617.700000;13304.520000
7051.050000;6845.730000
5580.540000;3781.490000
5053.130000;3495.710000
1755.220000;4826.950000
5793.490000;9460.070000
3600.000000;4845.740000
1801.670000;10429.590000
4666.900000;4469.840000
5508.730000;9725.280000
5584.040000;4196.450000
4824.780000;8045.820000
15730.140000;14235.890000
78.600000;559.970000
310.040000;1010.000000
12348.950000;7745.970000
4415.260000;6100.000000
580.000000;2419.490000
5407.390000;9725.280000
5513.000000;6100.000000
8929.220000;6407.590000
4943.830000;12568.870000
7019.310000;7773.340000
2138.460000;7773.340000
8372.660000;7496.820000
11098.600000;6078.990000
3774.210000;4822.340000
3941.850000;3486.430000
10179.820000;3035.080000
4906.750000;5442.510000
3505.850000;13840.430000
5735.030000;5755.330000
6037.020000;3600.000000
15952.090000;6672.090000
20534.810000;6139.060000
4564.810000;5243.570000
4852.200000;5243.570000
5196.730000;7409.990000
13333.820000;10167.130000
7672.100000;11829.440000
12136.990000;3203.620000
7064.960000;3766.280000
84.550000;6423.770000
3516.170000;3507.300000
3211.970000;1048.590000
5284.420000;398.500000
8556.310000;8045.820000
12337.810000;9000.000000
9182.640000;6279.740000
3201.490000;4151.120000
310.160000;635.550000
3884.750000;2053.830000
5123.800000;2808.880000
2080.240000;3507.300000
5639.330000;3680.530000
15123.760000;12879.440000
9935.220000;7331.440000
1164.950000;4808.650000
26921.410000;8898.520000
43455.060000;11428.640000
1542.310000;1677.780000
5430.060000;11707.590000
17779.500000;3240.000000
289.590000;214.520000
34969.040000;3240.000000
10845.740000;5400.000000
4575.470000;4547.030000
283.910000;1843.760000
21171.380000;7392.640000
3085.710000;3012.050000
589.160000;1487.290000
4205.540000;3035.080000
4237.320000;9624.340000
4060.070000;1127.110000
4084.510000;7848.790000
7672.450000;12463.020000
720.260000;204.940000
3692.760000;4415.660000
4318.710000;3967.790000
4617.160000;10807.480000
6574.760000;9188.310000
4456.250000;4266.130000
6869.670000;5439.830000
4150.830000;4860.000000
6190.560000;178.900000
3279.400000;3600.000000
2732.120000;4822.340000
4233.690000;6550.350000
11368.930000;3964.190000
9052.200000;2384.480000
20494.980000;4554.420000
5068.830000;5889.500000
4008.500000;3549.150000
5976.960000;6499.780000
6691.570000;272.680000
25988.530000;17377.200000
6960.000000;4305.830000
4994.550000;8087.590000
10344.260000;8018.520000
3661.180000;10455.180000
4548.190000;2138.540000
2367.590000;4681.930000
9332.030000;5304.090000
7629.820000;6231.680000
16964.930000;28207.820000
1771.030000;3812.000000
5632.190000;3448.150000
8536.960000;8854.000000
8134.870000;11686.040000
5870.020000;7634.770000
4701.860000;168.500000
5285.810000;6677.600000
38924.040000;4101.250000
4493.110000;19188.120000
2926.590000;782.070000
1158.010000;869.370000
800.000000;159.250000
7013.290000;14332.270000
10526.310000;1305.280000
15017.000000;10145.560000
12602.940000;2103.850000
19001.240000;15708.250000
11175.300000;10220.530000
16952.220000;20177.950000
15975.380000;9360.880000
9509.090000;14630.370000
8204.250000;9768.540000
1618.970000;876.170000
4350.410000;14344.000000
10770.910000;12078.010000
24695.820000;11267.750000
914.390000;3812.000000
1200.000000;11721.720000
3322.640000;4504.980000
514.400000;1647.520000
888.380000;480.040000
20495.420000;5142.720000
13273.750000;4696.400000
9352.060000;20177.950000
7084.660000;9586.180000
2059.310000;4375.160000
221.870000;1026.690000
1086.890000;3012.050000
3466.550000;272.680000
26610.580000;9563.540000
8091.980000;5885.580000
3634.070000;2863.310000
5545.440000;1502.920000
3508.930000;900.000000
12758.500000;1305.280000
3836.120000;22868.420000
2059.130000;6180.490000
4030.000000;632.000000
625.500000;28.960000
9643.030000;3973.670000
17161.300000;41911.980000
2246.690000;545.830000
374.280000;827.170000
19479.270000;17388.140000
4016.410000;1753.360000
5511.730000;15679.680000
978.290000;4547.030000
4212.080000;5585.970000
3236.760000;24.290000
8340.480000;3897.240000
4924.280000;3708.290000
1723.240000;7027.340000
6618.140000;1668.160000
4933.120000;12951.440000
1943.450000;3869.180000
6660.000000;2834.210000
1959.210000;1830.440000
6814.660000;14872.390000
5405.640000;11707.590000
7740.220000;10834.390000
180.200000;183.530000
1978.020000;6038.520000
6435.370000;14727.290000
1485.750000;2025.270000
13126.520000;4642.130000
15500.000000;8969.480000
331.600000;900.000000
5686.440000;3600.000000
3506.740000;9000.000000
6600.000000;3478.020000
3600.000000;3950.530000
10656.110000;4681.930000
2393.340000;4491.630000
8307.960000;5888.400000
8581.790000;5888.400000
14402.260000;3909.170000
30230.770000;7396.980000
18410.420000;35887.740000
14547.570000;21761.100000
9665.340000;9417.360000
9016.190000;6844.950000
3600.000000;3774.480000
4659.910000;4771.160000
850.000000;30.120000
10847.840000;6407.590000
1007.550000;870.740000
225.250000;286.000000
324.030000;490.000000
12367.750000;2158.610000
4195.970000;490.000000
6648.570000;7358.680000
229.620000;490.000000
829.210000;1288.990000
2236.210000;5334.140000
407.780000;1288.990000
600.000000;1883.980000
210.330000;1883.980000
9135.840000;3822.030000
6889.470000;10500.080000
371.810000;372.070000
12012.490000;5968.340000
1042.630000;4046.380000
1740.000000;1772.060000
9223.420000;3498.660000
10352.510000;12025.280000
9102.110000;3203.620000
7117.610000;6760.250000
8.070000;815.350000
2728.170000;4096.540000
2979.180000;3507.300000
11388.350000;35413.830000
3362.940000;1030.100000
182.540000;782.070000
9013.580000;6757.410000
4924.860000;4932.230000
6108.740000;4200.000000
4677.030000;6393.620000
8980.660000;6075.770000
2696.390000;1963.280000
6615.440000;13010.250000
10350.500000;7344.890000
8831.220000;3669.510000
9197.820000;7399.850000
9392.890000;40655.420000
7412.090000;7429.980000
1500.000000;728.880000
11225.050000;7237.660000
21928.230000;16524.990000
21433.600000;23331.010000
9031.090000;9272.580000
5453.780000;3774.480000
5755.000000;2103.850000
25740.000000;2103.850000
9664.280000;9823.240000
8249.500000;8175.360000
2136.910000;17299.290000
4679.180000;10712.740000
7841.920000;15425.210000
7073.330000;1769.070000
19513.350000;15026.890000
4805.080000;625.910000
2282.630000;1883.980000
5321.280000;11031.870000
9281.920000;14199.265000
2993.390000;6705.320000
7392.520000;6705.320000
6849.320000;5037.730000
3756.390000;5541.710000
6798.450000;4870.360000
7315.790000;4377.010000
